frame, face_id, timestamp, confidence, success, gaze_0_x, gaze_0_y, gaze_0_z, gaze_1_x, gaze_1_y, gaze_1_z, gaze_angle_x, gaze_angle_y, eye_lmk_x_0, eye_lmk_x_1, eye_lmk_x_2, eye_lmk_x_3, eye_lmk_x_4, eye_lmk_x_5, eye_lmk_x_6, eye_lmk_x_7, eye_lmk_x_8, eye_lmk_x_9, eye_lmk_x_10, eye_lmk_x_11, eye_lmk_x_12, eye_lmk_x_13, eye_lmk_x_14, eye_lmk_x_15, eye_lmk_x_16, eye_lmk_x_17, eye_lmk_x_18, eye_lmk_x_19, eye_lmk_x_20, eye_lmk_x_21, eye_lmk_x_22, eye_lmk_x_23, eye_lmk_x_24, eye_lmk_x_25, eye_lmk_x_26, eye_lmk_x_27, eye_lmk_x_28, eye_lmk_x_29, eye_lmk_x_30, eye_lmk_x_31, eye_lmk_x_32, eye_lmk_x_33, eye_lmk_x_34, eye_lmk_x_35, eye_lmk_x_36, eye_lmk_x_37, eye_lmk_x_38, eye_lmk_x_39, eye_lmk_x_40, eye_lmk_x_41, eye_lmk_x_42, eye_lmk_x_43, eye_lmk_x_44, eye_lmk_x_45, eye_lmk_x_46, eye_lmk_x_47, eye_lmk_x_48, eye_lmk_x_49, eye_lmk_x_50, eye_lmk_x_51, eye_lmk_x_52, eye_lmk_x_53, eye_lmk_x_54, eye_lmk_x_55, eye_lmk_y_0, eye_lmk_y_1, eye_lmk_y_2, eye_lmk_y_3, eye_lmk_y_4, eye_lmk_y_5, eye_lmk_y_6, eye_lmk_y_7, eye_lmk_y_8, eye_lmk_y_9, eye_lmk_y_10, eye_lmk_y_11, eye_lmk_y_12, eye_lmk_y_13, eye_lmk_y_14, eye_lmk_y_15, eye_lmk_y_16, eye_lmk_y_17, eye_lmk_y_18, eye_lmk_y_19, eye_lmk_y_20, eye_lmk_y_21, eye_lmk_y_22, eye_lmk_y_23, eye_lmk_y_24, eye_lmk_y_25, eye_lmk_y_26, eye_lmk_y_27, eye_lmk_y_28, eye_lmk_y_29, eye_lmk_y_30, eye_lmk_y_31, eye_lmk_y_32, eye_lmk_y_33, eye_lmk_y_34, eye_lmk_y_35, eye_lmk_y_36, eye_lmk_y_37, eye_lmk_y_38, eye_lmk_y_39, eye_lmk_y_40, eye_lmk_y_41, eye_lmk_y_42, eye_lmk_y_43, eye_lmk_y_44, eye_lmk_y_45, eye_lmk_y_46, eye_lmk_y_47, eye_lmk_y_48, eye_lmk_y_49, eye_lmk_y_50, eye_lmk_y_51, eye_lmk_y_52, eye_lmk_y_53, eye_lmk_y_54, eye_lmk_y_55, eye_lmk_X_0, eye_lmk_X_1, eye_lmk_X_2, eye_lmk_X_3, eye_lmk_X_4, eye_lmk_X_5, eye_lmk_X_6, eye_lmk_X_7, eye_lmk_X_8, eye_lmk_X_9, eye_lmk_X_10, eye_lmk_X_11, eye_lmk_X_12, eye_lmk_X_13, eye_lmk_X_14, eye_lmk_X_15, eye_lmk_X_16, eye_lmk_X_17, eye_lmk_X_18, eye_lmk_X_19, eye_lmk_X_20, eye_lmk_X_21, eye_lmk_X_22, eye_lmk_X_23, eye_lmk_X_24, eye_lmk_X_25, eye_lmk_X_26, eye_lmk_X_27, eye_lmk_X_28, eye_lmk_X_29, eye_lmk_X_30, eye_lmk_X_31, eye_lmk_X_32, eye_lmk_X_33, eye_lmk_X_34, eye_lmk_X_35, eye_lmk_X_36, eye_lmk_X_37, eye_lmk_X_38, eye_lmk_X_39, eye_lmk_X_40, eye_lmk_X_41, eye_lmk_X_42, eye_lmk_X_43, eye_lmk_X_44, eye_lmk_X_45, eye_lmk_X_46, eye_lmk_X_47, eye_lmk_X_48, eye_lmk_X_49, eye_lmk_X_50, eye_lmk_X_51, eye_lmk_X_52, eye_lmk_X_53, eye_lmk_X_54, eye_lmk_X_55, eye_lmk_Y_0, eye_lmk_Y_1, eye_lmk_Y_2, eye_lmk_Y_3, eye_lmk_Y_4, eye_lmk_Y_5, eye_lmk_Y_6, eye_lmk_Y_7, eye_lmk_Y_8, eye_lmk_Y_9, eye_lmk_Y_10, eye_lmk_Y_11, eye_lmk_Y_12, eye_lmk_Y_13, eye_lmk_Y_14, eye_lmk_Y_15, eye_lmk_Y_16, eye_lmk_Y_17, eye_lmk_Y_18, eye_lmk_Y_19, eye_lmk_Y_20, eye_lmk_Y_21, eye_lmk_Y_22, eye_lmk_Y_23, eye_lmk_Y_24, eye_lmk_Y_25, eye_lmk_Y_26, eye_lmk_Y_27, eye_lmk_Y_28, eye_lmk_Y_29, eye_lmk_Y_30, eye_lmk_Y_31, eye_lmk_Y_32, eye_lmk_Y_33, eye_lmk_Y_34, eye_lmk_Y_35, eye_lmk_Y_36, eye_lmk_Y_37, eye_lmk_Y_38, eye_lmk_Y_39, eye_lmk_Y_40, eye_lmk_Y_41, eye_lmk_Y_42, eye_lmk_Y_43, eye_lmk_Y_44, eye_lmk_Y_45, eye_lmk_Y_46, eye_lmk_Y_47, eye_lmk_Y_48, eye_lmk_Y_49, eye_lmk_Y_50, eye_lmk_Y_51, eye_lmk_Y_52, eye_lmk_Y_53, eye_lmk_Y_54, eye_lmk_Y_55, eye_lmk_Z_0, eye_lmk_Z_1, eye_lmk_Z_2, eye_lmk_Z_3, eye_lmk_Z_4, eye_lmk_Z_5, eye_lmk_Z_6, eye_lmk_Z_7, eye_lmk_Z_8, eye_lmk_Z_9, eye_lmk_Z_10, eye_lmk_Z_11, eye_lmk_Z_12, eye_lmk_Z_13, eye_lmk_Z_14, eye_lmk_Z_15, eye_lmk_Z_16, eye_lmk_Z_17, eye_lmk_Z_18, eye_lmk_Z_19, eye_lmk_Z_20, eye_lmk_Z_21, eye_lmk_Z_22, eye_lmk_Z_23, eye_lmk_Z_24, eye_lmk_Z_25, eye_lmk_Z_26, eye_lmk_Z_27, eye_lmk_Z_28, eye_lmk_Z_29, eye_lmk_Z_30, eye_lmk_Z_31, eye_lmk_Z_32, eye_lmk_Z_33, eye_lmk_Z_34, eye_lmk_Z_35, eye_lmk_Z_36, eye_lmk_Z_37, eye_lmk_Z_38, eye_lmk_Z_39, eye_lmk_Z_40, eye_lmk_Z_41, eye_lmk_Z_42, eye_lmk_Z_43, eye_lmk_Z_44, eye_lmk_Z_45, eye_lmk_Z_46, eye_lmk_Z_47, eye_lmk_Z_48, eye_lmk_Z_49, eye_lmk_Z_50, eye_lmk_Z_51, eye_lmk_Z_52, eye_lmk_Z_53, eye_lmk_Z_54, eye_lmk_Z_55, pose_Tx, pose_Ty, pose_Tz, pose_Rx, pose_Ry, pose_Rz, AU01_r, AU02_r, AU04_r, AU05_r, AU06_r, AU07_r, AU09_r, AU10_r, AU12_r, AU14_r, AU15_r, AU17_r, AU20_r, AU23_r, AU25_r, AU26_r, AU45_r, AU01_c, AU02_c, AU04_c, AU05_c, AU06_c, AU07_c, AU09_c, AU10_c, AU12_c, AU14_c, AU15_c, AU17_c, AU20_c, AU23_c, AU25_c, AU26_c, AU28_c, AU45_c
1, 0, 0.000, 0.98, 1, 0.408909, 0.257053, -0.875624, 0.231669, 0.345078, -0.909533, 0.345, 0.325, 422.0, 423.9, 428.4, 433.0, 434.9, 433.2, 428.5, 423.9, 411.9, 416.6, 422.4, 428.2, 432.9, 435.9, 437.8, 435.5, 432.0, 427.4, 422.0, 416.4, 426.2, 428.0, 429.8, 430.6, 429.8, 428.0, 426.1, 425.4, 493.4, 495.3, 499.6, 503.8, 505.5, 503.6, 499.2, 494.6, 488.3, 491.4, 495.5, 500.4, 504.9, 508.0, 509.9, 507.8, 504.5, 500.5, 496.0, 491.4, 497.5, 499.1, 500.8, 501.5, 500.9, 499.2, 497.6, 496.8, 198.6, 193.2, 190.8, 192.7, 197.8, 203.5, 205.6, 203.7, 199.2, 197.8, 196.9, 196.6, 197.5, 199.2, 201.3, 203.1, 203.7, 203.9, 203.4, 201.9, 200.4, 201.1, 200.1, 198.0, 195.9, 195.2, 196.2, 198.3, 195.7, 191.2, 189.4, 191.4, 196.0, 200.5, 202.4, 200.7, 197.6, 195.3, 193.8, 193.2, 194.0, 195.3, 197.5, 199.8, 201.1, 201.5, 201.0, 199.9, 197.6, 198.4, 197.7, 195.9, 194.1, 193.3, 194.1, 195.8, -175.5, -174.1, -170.8, -167.6, -166.4, -167.8, -171.1, -174.3, -184.1, -179.9, -175.1, -170.6, -167.5, -165.7, -164.9, -166.2, -168.3, -171.5, -175.6, -180.2, -172.8, -171.5, -170.2, -169.7, -170.2, -171.5, -172.8, -173.3, -137.3, -135.6, -131.7, -127.9, -126.5, -128.2, -132.1, -136.3, -142.2, -139.1, -135.2, -130.6, -126.8, -124.4, -123.1, -124.7, -127.3, -130.7, -134.8, -139.2, -133.8, -132.3, -130.8, -130.2, -130.7, -132.2, -133.7, -134.3, -129.9, -134.3, -136.7, -135.5, -131.6, -126.9, -124.8, -126.0, -129.8, -130.6, -131.2, -131.6, -131.4, -130.6, -129.5, -127.5, -126.5, -125.9, -126.1, -127.4, -129.0, -128.6, -129.5, -131.3, -132.8, -133.3, -132.4, -130.6, -153.8, -158.1, -160.1, -158.4, -154.2, -149.9, -147.9, -149.3, -152.2, -154.2, -155.5, -156.1, -155.8, -155.2, -153.8, -151.0, -149.3, -148.5, -148.9, -150.0, -152.4, -151.8, -152.5, -154.2, -155.9, -156.5, -155.8, -154.1, 704.4, 704.8, 706.5, 708.6, 709.8, 709.8, 707.7, 705.6, 706.3, 704.8, 704.0, 704.8, 707.4, 710.6, 713.6, 711.1, 708.0, 705.8, 704.7, 705.1, 707.2, 708.1, 708.8, 708.9, 708.4, 707.6, 706.9, 706.7, 819.3, 819.7, 820.8, 822.0, 822.7, 822.3, 821.2, 820.1, 820.4, 819.1, 818.3, 818.8, 821.2, 824.5, 828.0, 825.2, 822.2, 820.0, 819.2, 819.7, 821.4, 821.8, 822.3, 822.4, 822.2, 821.7, 821.3, 821.1, -155.6, -103.3, 784.7, 0.250, -0.303, -0.008, 1.53, 0.11, 0.01, 0.57, 0.21, 0.00, 0.59, 1.70, 0.00, 0.96, 1.73, 1.96, 0.00, 0.00, 0.00, 0.20, 0.21, 1.0, 1.0, 0.0, 0.0, 0.0, 0.0, 1.0, 1.0, 0.0, 1.0, 1.0, 1.0, 0.0, 0.0, 0.0, 0.0, 1.0, 1.0
2, 0, 0.042, 0.98, 1, 0.374720, 0.314779, -0.872066, 0.146524, 0.390587, -0.908830, 0.285, 0.377, 421.0, 423.1, 428.1, 432.9, 434.8, 433.0, 427.7, 422.9, 412.6, 416.6, 421.8, 427.7, 433.0, 436.8, 439.4, 436.4, 431.9, 426.7, 421.3, 416.3, 425.8, 427.7, 429.6, 430.4, 429.7, 427.8, 425.9, 425.1, 491.8, 493.3, 497.9, 502.8, 505.2, 503.6, 499.1, 494.0, 488.5, 490.5, 493.9, 498.8, 504.6, 510.0, 514.2, 510.6, 505.7, 500.5, 495.5, 491.3, 497.2, 499.0, 500.7, 501.2, 500.4, 498.5, 496.9, 496.3, 198.5, 193.6, 191.4, 193.3, 198.2, 203.4, 205.3, 203.4, 198.0, 197.1, 196.8, 196.8, 197.6, 198.8, 200.4, 202.6, 203.6, 203.9, 203.2, 201.2, 200.1, 200.9, 200.0, 198.1, 196.2, 195.4, 196.3, 198.2, 195.5, 190.7, 188.8, 190.9, 195.8, 200.6, 202.5, 200.6, 197.2, 195.1, 193.7, 192.8, 192.8, 193.2, 194.3, 197.7, 200.0, 200.9, 200.7, 199.5, 197.1, 197.9, 197.2, 195.5, 193.6, 192.8, 193.5, 195.3, -181.2, -179.2, -175.2, -171.4, -170.2, -172.0, -176.3, -180.0, -189.2, -185.2, -180.3, -175.3, -171.3, -168.7, -167.3, -169.4, -172.6, -176.7, -181.2, -185.7, -177.7, -176.2, -174.6, -173.9, -174.4, -175.8, -177.4, -178.2, -124.4, -122.8, -118.7, -114.5, -112.7, -114.2, -118.3, -122.8, -127.8, -125.6, -122.2, -117.8, -113.0, -108.7, -105.5, -108.4, -112.4, -116.8, -121.2, -125.2, -119.9, -118.4, -116.8, -116.2, -116.9, -118.5, -120.0, -120.6, -133.6, -137.5, -139.3, -138.0, -134.2, -130.1, -128.4, -129.8, -134.8, -135.0, -134.9, -134.8, -134.4, -133.9, -133.1, -130.9, -129.7, -129.3, -130.0, -131.8, -132.6, -132.1, -132.8, -134.4, -135.8, -136.4, -135.6, -134.1, -138.1, -141.7, -143.0, -141.1, -137.2, -133.6, -132.3, -134.1, -137.4, -138.5, -139.1, -139.5, -139.5, -139.5, -139.0, -135.9, -133.9, -133.2, -133.6, -135.0, -136.8, -136.0, -136.5, -137.8, -139.3, -140.0, -139.6, -138.2, 724.0, 723.1, 723.3, 724.3, 725.7, 727.0, 726.5, 725.4, 728.2, 725.3, 723.1, 722.4, 724.1, 726.8, 729.6, 727.9, 725.9, 724.9, 725.0, 726.4, 725.9, 726.3, 726.3, 726.0, 725.4, 725.0, 725.0, 725.3, 734.6, 732.8, 731.0, 730.3, 731.2, 733.0, 734.8, 735.9, 738.1, 735.0, 732.0, 729.9, 729.9, 731.6, 734.1, 733.0, 732.2, 732.5, 734.0, 736.4, 734.6, 734.4, 733.7, 733.0, 732.7, 732.9, 733.6, 734.3, -153.7, -102.0, 773.8, 0.260, -0.300, -0.009, 1.85, 0.14, 0.08, 0.70, 0.26, 0.00, 0.52, 1.95, 0.00, 1.29, 1.91, 2.19, 0.00, 0.00, 0.00, 0.13, 0.00, 1.0, 1.0, 0.0, 0.0, 0.0, 0.0, 1.0, 1.0, 0.0, 1.0, 1.0, 1.0, 0.0, 0.0, 0.0, 0.0, 1.0, 1.0
3, 0, 0.083, 0.98, 1, 0.379377, 0.309358, -0.871992, 0.187015, 0.376969, -0.907149, 0.308, 0.368, 420.5, 422.6, 427.5, 432.3, 434.2, 432.4, 427.2, 422.4, 412.0, 416.0, 421.4, 427.2, 432.4, 436.0, 438.4, 435.5, 431.2, 426.2, 420.8, 415.7, 425.3, 427.1, 429.1, 429.9, 429.1, 427.2, 425.3, 424.5, 491.7, 493.4, 497.8, 502.5, 504.7, 503.0, 498.6, 493.7, 488.1, 490.2, 493.5, 498.2, 503.5, 508.4, 512.4, 508.9, 504.2, 499.4, 494.7, 490.8, 496.8, 498.6, 500.3, 500.9, 500.1, 498.3, 496.6, 496.0, 198.6, 193.6, 191.4, 193.3, 198.2, 203.4, 205.4, 203.5, 198.2, 197.2, 196.8, 196.7, 197.6, 199.0, 200.8, 202.9, 203.8, 204.0, 203.3, 201.4, 200.2, 200.9, 200.1, 198.1, 196.2, 195.5, 196.3, 198.3, 195.5, 190.7, 188.8, 190.9, 195.7, 200.4, 202.3, 200.5, 197.0, 195.1, 193.9, 193.3, 193.6, 194.2, 195.4, 198.5, 200.5, 201.3, 200.8, 199.5, 197.2, 198.0, 197.3, 195.5, 193.6, 192.8, 193.5, 195.4, -182.2, -180.3, -176.3, -172.6, -171.4, -173.2, -177.3, -181.0, -190.3, -186.3, -181.3, -176.4, -172.6, -170.1, -168.8, -170.8, -173.9, -177.8, -182.2, -186.8, -178.8, -177.3, -175.8, -175.0, -175.5, -177.0, -178.5, -179.3, -131.9, -130.2, -126.0, -121.7, -119.9, -121.6, -125.8, -130.3, -135.6, -133.3, -129.8, -125.4, -120.7, -116.6, -113.4, -116.4, -120.4, -124.7, -129.0, -132.9, -127.4, -125.7, -124.1, -123.5, -124.2, -125.8, -127.4, -128.1, -134.0, -138.0, -139.9, -138.6, -134.8, -130.6, -128.8, -130.2, -135.0, -135.4, -135.4, -135.3, -135.0, -134.3, -133.3, -131.3, -130.1, -129.7, -130.3, -132.1, -133.0, -132.5, -133.3, -134.9, -136.3, -136.9, -136.1, -134.5, -146.3, -150.3, -151.7, -149.7, -145.5, -141.6, -140.2, -142.0, -145.6, -146.7, -147.3, -147.4, -147.2, -146.9, -146.3, -143.3, -141.4, -140.7, -141.4, -143.0, -144.8, -144.1, -144.6, -146.1, -147.7, -148.4, -147.9, -146.4, 726.5, 725.8, 726.2, 727.4, 728.8, 729.9, 729.1, 727.9, 730.3, 727.7, 725.7, 725.3, 727.1, 729.9, 732.9, 731.1, 728.8, 727.6, 727.5, 728.7, 728.5, 729.0, 729.1, 728.9, 728.3, 727.8, 727.7, 728.0, 778.3, 776.8, 775.3, 774.6, 775.1, 776.6, 778.1, 779.3, 781.5, 778.5, 775.7, 773.8, 773.8, 775.3, 777.7, 776.5, 775.7, 775.9, 777.3, 779.7, 778.3, 778.0, 777.4, 776.9, 776.7, 776.9, 777.5, 778.1, -154.6, -102.3, 776.4, 0.270, -0.301, -0.011, 1.45, 0.02, 0.00, 1.22, 0.18, 0.00, 0.66, 1.87, 0.00, 1.19, 1.88, 2.27, 0.00, 0.00, 0.00, 0.32, 0.03, 1.0, 1.0, 0.0, 1.0, 0.0, 0.0, 1.0, 1.0, 0.0, 1.0, 1.0, 1.0, 0.0, 0.0, 0.0, 0.0, 1.0, 1.0
4, 0, 0.125, 0.98, 1, 0.372015, 0.316554, -0.872581, 0.193696, 0.379981, -0.904487, 0.308, 0.374, 419.7, 421.8, 426.7, 431.6, 433.5, 431.7, 426.5, 421.6, 411.3, 415.2, 420.4, 426.4, 431.7, 435.7, 438.3, 435.3, 430.7, 425.5, 420.1, 415.0, 424.5, 426.4, 428.3, 429.1, 428.4, 426.5, 424.6, 423.8, 491.2, 492.8, 497.2, 501.8, 503.9, 502.3, 497.9, 493.1, 487.6, 489.6, 492.8, 497.4, 502.7, 507.6, 511.6, 508.1, 503.4, 498.6, 494.1, 490.2, 496.2, 497.9, 499.6, 500.3, 499.5, 497.7, 496.0, 495.4, 198.6, 193.7, 191.5, 193.4, 198.2, 203.4, 205.3, 203.5, 198.1, 197.2, 196.8, 196.8, 197.5, 198.8, 200.3, 202.6, 203.6, 203.9, 203.3, 201.3, 200.1, 200.9, 200.0, 198.1, 196.2, 195.5, 196.3, 198.3, 195.4, 190.8, 188.9, 191.0, 195.8, 200.4, 202.2, 200.4, 196.9, 195.1, 193.8, 193.3, 193.6, 194.2, 195.5, 198.6, 200.5, 201.3, 200.8, 199.5, 197.2, 198.0, 197.3, 195.5, 193.6, 192.8, 193.5, 195.3, -181.4, -179.5, -175.4, -171.6, -170.4, -172.2, -176.4, -180.2, -189.5, -185.5, -180.5, -175.5, -171.5, -168.9, -167.3, -169.5, -172.8, -176.9, -181.4, -185.9, -177.9, -176.4, -174.8, -174.1, -174.6, -176.0, -177.6, -178.3, -133.3, -131.6, -127.4, -123.2, -121.4, -123.1, -127.3, -131.8, -137.1, -134.8, -131.5, -127.0, -122.3, -118.2, -114.9, -117.9, -122.0, -126.3, -130.6, -134.5, -128.9, -127.2, -125.6, -125.0, -125.7, -127.3, -128.9, -129.6, -132.9, -136.8, -138.6, -137.2, -133.5, -129.5, -127.8, -129.2, -134.2, -134.3, -134.2, -134.1, -133.8, -133.3, -132.5, -130.3, -129.1, -128.7, -129.3, -131.1, -132.0, -131.5, -132.2, -133.7, -135.1, -135.6, -134.9, -133.4, -147.5, -151.4, -152.7, -150.7, -146.5, -142.7, -141.3, -143.2, -146.7, -147.9, -148.4, -148.5, -148.2, -148.0, -147.2, -144.3, -142.4, -141.8, -142.5, -144.1, -145.9, -145.1, -145.6, -147.1, -148.7, -149.5, -149.0, -147.5, 720.5, 719.5, 719.6, 720.6, 722.0, 723.4, 723.0, 722.0, 724.9, 721.8, 719.5, 718.8, 720.4, 723.1, 726.0, 724.3, 722.3, 721.4, 721.6, 723.0, 722.3, 722.7, 722.7, 722.3, 721.8, 721.4, 721.4, 721.8, 784.0, 782.5, 780.9, 780.2, 780.7, 782.2, 783.8, 785.0, 787.4, 784.3, 781.4, 779.4, 779.3, 780.8, 783.1, 782.0, 781.3, 781.6, 783.1, 785.6, 784.0, 783.7, 783.1, 782.5, 782.3, 782.6, 783.2, 783.8, -155.0, -102.2, 775.3, 0.271, -0.302, -0.013, 1.80, 0.18, 0.00, 1.02, 0.32, 0.00, 0.84, 1.96, 0.00, 1.23, 1.99, 2.26, 0.00, 0.00, 0.00, 0.13, 0.05, 1.0, 1.0, 0.0, 0.0, 0.0, 0.0, 1.0, 1.0, 0.0, 1.0, 1.0, 1.0, 0.0, 0.0, 0.0, 0.0, 1.0, 1.0
5, 0, 0.167, 0.98, 1, 0.379424, 0.318781, -0.868571, 0.148133, 0.402204, -0.903487, 0.289, 0.386, 419.0, 421.2, 426.1, 430.9, 432.8, 431.0, 425.7, 420.9, 410.6, 414.6, 419.8, 425.7, 431.0, 434.8, 437.4, 434.4, 429.9, 424.7, 419.3, 414.3, 423.8, 425.7, 427.6, 428.5, 427.7, 425.8, 423.9, 423.1, 490.1, 491.5, 496.0, 500.9, 503.3, 501.9, 497.4, 492.3, 486.9, 488.8, 492.1, 497.0, 502.7, 508.1, 512.4, 508.9, 504.0, 498.8, 493.9, 489.7, 495.4, 497.2, 498.9, 499.5, 498.6, 496.7, 495.1, 494.5, 198.5, 193.6, 191.4, 193.4, 198.2, 203.4, 205.3, 203.4, 198.0, 197.2, 196.8, 196.8, 197.6, 198.8, 200.5, 202.6, 203.6, 203.9, 203.2, 201.2, 200.1, 200.9, 200.0, 198.1, 196.2, 195.4, 196.3, 198.2, 195.5, 190.6, 188.6, 190.7, 195.6, 200.4, 202.4, 200.6, 197.2, 195.1, 193.6, 192.6, 192.6, 192.9, 194.1, 197.4, 199.7, 200.7, 200.5, 199.5, 197.0, 197.8, 197.1, 195.3, 193.5, 192.7, 193.4, 195.2, -182.7, -180.7, -176.6, -172.9, -171.7, -173.5, -177.7, -181.5, -190.7, -186.7, -181.8, -176.8, -172.8, -170.3, -168.8, -170.9, -174.1, -178.2, -182.7, -187.2, -179.2, -177.7, -176.1, -175.3, -175.8, -177.3, -178.9, -179.7, -126.3, -124.8, -120.7, -116.5, -114.5, -116.0, -120.1, -124.6, -129.6, -127.4, -124.2, -119.7, -114.9, -110.6, -107.4, -110.1, -114.1, -118.5, -122.9, -126.9, -121.8, -120.2, -118.7, -118.1, -118.8, -120.4, -121.9, -122.5, -133.5, -137.4, -139.2, -137.8, -134.1, -130.0, -128.3, -129.7, -134.7, -134.8, -134.7, -134.6, -134.3, -133.7, -132.9, -130.8, -129.6, -129.2, -129.8, -131.7, -132.5, -132.0, -132.7, -134.2, -135.7, -136.2, -135.5, -134.0, -138.6, -142.3, -143.7, -141.8, -137.8, -134.1, -132.8, -134.5, -137.8, -139.0, -139.7, -140.1, -140.1, -140.1, -139.6, -136.6, -134.6, -133.8, -134.2, -135.5, -137.3, -136.6, -137.0, -138.4, -139.9, -140.6, -140.1, -138.8, 723.3, 722.4, 722.6, 723.7, 725.1, 726.3, 725.8, 724.7, 727.4, 724.5, 722.4, 721.7, 723.4, 726.1, 729.0, 727.3, 725.2, 724.2, 724.3, 725.6, 725.2, 725.6, 725.7, 725.3, 724.8, 724.3, 724.3, 724.6, 737.1, 735.3, 733.5, 732.7, 733.5, 735.3, 737.1, 738.3, 740.5, 737.4, 734.4, 732.3, 732.2, 733.8, 736.2, 735.1, 734.3, 734.7, 736.2, 738.7, 737.0, 736.7, 736.0, 735.3, 735.1, 735.4, 736.1, 736.7, -154.9, -101.8, 772.1, 0.271, -0.300, -0.015, 1.66, 0.08, 0.14, 1.10, 0.38, 0.00, 0.81, 1.97, 0.00, 1.15, 1.86, 2.33, 0.00, 0.00, 0.00, 0.30, 0.00, 1.0, 1.0, 0.0, 0.0, 0.0, 0.0, 1.0, 1.0, 0.0, 1.0, 1.0, 1.0, 0.0, 0.0, 0.0, 0.0, 1.0, 1.0
6, 0, 0.209, 0.98, 1, 0.383825, 0.293892, -0.875389, 0.234727, 0.352050, -0.906071, 0.334, 0.348, 418.1, 420.2, 425.1, 429.9, 431.8, 429.9, 424.8, 420.0, 409.3, 413.5, 419.0, 424.8, 429.9, 433.6, 435.9, 433.1, 428.9, 423.9, 418.4, 413.2, 422.8, 424.7, 426.6, 427.4, 426.6, 424.8, 422.8, 422.0, 490.0, 491.8, 496.2, 500.6, 502.3, 500.5, 496.1, 491.3, 484.7, 488.0, 492.3, 497.5, 501.9, 504.9, 506.5, 504.6, 501.6, 497.7, 493.0, 488.2, 494.1, 495.8, 497.5, 498.2, 497.5, 495.8, 494.1, 493.4, 198.3, 193.3, 191.0, 192.9, 197.8, 203.2, 205.2, 203.3, 198.1, 197.1, 196.6, 196.5, 197.3, 198.8, 200.5, 202.6, 203.5, 203.8, 203.1, 201.3, 200.0, 200.7, 199.8, 197.8, 195.9, 195.1, 196.0, 198.0, 195.3, 190.5, 188.6, 190.6, 195.5, 200.4, 202.3, 200.5, 197.4, 195.1, 193.5, 193.0, 193.8, 195.1, 197.3, 199.6, 200.8, 201.2, 200.7, 199.6, 197.3, 198.1, 197.4, 195.5, 193.6, 192.8, 193.5, 195.4, -182.6, -180.8, -176.9, -173.3, -172.0, -173.8, -177.8, -181.4, -190.8, -186.7, -181.7, -176.9, -173.1, -170.8, -169.6, -171.4, -174.4, -178.2, -182.6, -187.2, -179.3, -177.9, -176.4, -175.6, -176.1, -177.6, -179.1, -179.8, -133.9, -132.4, -128.7, -125.0, -123.5, -125.1, -128.8, -132.8, -138.6, -135.5, -131.6, -127.2, -123.7, -121.6, -120.6, -121.9, -124.1, -127.1, -131.1, -135.5, -130.6, -129.2, -127.8, -127.2, -127.7, -129.1, -130.6, -131.2, -133.0, -137.1, -139.1, -137.8, -134.0, -129.7, -127.9, -129.2, -133.9, -134.3, -134.4, -134.4, -134.1, -133.4, -132.5, -130.4, -129.2, -128.8, -129.3, -131.0, -132.1, -131.6, -132.4, -134.0, -135.5, -136.0, -135.2, -133.6, -147.0, -151.4, -153.4, -151.9, -147.6, -143.1, -141.1, -142.4, -145.2, -147.1, -148.4, -149.1, -148.9, -148.3, -147.0, -144.4, -142.7, -141.9, -142.1, -143.1, -145.6, -145.0, -145.8, -147.5, -149.2, -149.8, -149.0, -147.3, 720.2, 719.7, 720.2, 721.6, 722.9, 723.8, 722.8, 721.5, 723.7, 721.2, 719.4, 719.2, 721.1, 724.0, 727.0, 725.0, 722.6, 721.2, 721.0, 722.1, 722.3, 722.8, 723.0, 722.8, 722.3, 721.8, 721.6, 721.8, 780.8, 781.6, 783.1, 784.6, 785.2, 784.5, 782.9, 781.5, 781.3, 780.4, 780.1, 781.1, 783.8, 787.3, 790.8, 787.7, 784.4, 781.8, 780.6, 780.8, 783.2, 783.7, 784.3, 784.6, 784.4, 783.8, 783.2, 782.9, -157.2, -102.5, 777.9, 0.268, -0.305, -0.013, 1.45, 0.06, 0.14, 1.04, 0.42, 0.00, 0.89, 1.78, 0.00, 1.03, 1.98, 2.25, 0.00, 0.00, 0.00, 0.44, 0.14, 1.0, 1.0, 0.0, 0.0, 1.0, 0.0, 1.0, 1.0, 0.0, 1.0, 1.0, 1.0, 0.0, 0.0, 0.0, 0.0, 1.0, 1.0
7, 0, 0.250, 0.98, 1, 0.372489, 0.311853, -0.874071, 0.237860, 0.352433, -0.905104, 0.330, 0.357, 416.6, 418.7, 423.7, 428.6, 430.6, 428.8, 423.5, 418.6, 408.4, 412.2, 417.4, 423.3, 428.7, 432.7, 435.4, 432.3, 427.7, 422.5, 417.1, 412.1, 421.5, 423.5, 425.4, 426.2, 425.4, 423.5, 421.6, 420.8, 488.7, 490.6, 495.0, 499.3, 501.0, 499.2, 494.8, 490.0, 483.6, 486.8, 491.1, 496.1, 500.6, 503.6, 505.4, 503.4, 500.2, 496.3, 491.7, 486.9, 492.9, 494.5, 496.3, 497.0, 496.3, 494.6, 492.9, 492.2, 198.3, 193.3, 191.2, 193.1, 197.9, 203.1, 205.0, 203.1, 197.6, 196.9, 196.6, 196.6, 197.3, 198.5, 200.0, 202.2, 203.3, 203.6, 202.9, 200.9, 199.8, 200.5, 199.7, 197.7, 195.9, 195.1, 196.0, 197.9, 195.0, 190.3, 188.4, 190.5, 195.3, 200.0, 201.9, 200.1, 197.1, 194.8, 193.2, 192.7, 193.6, 194.9, 197.1, 199.4, 200.6, 201.0, 200.4, 199.3, 197.0, 197.8, 197.1, 195.2, 193.4, 192.5, 193.3, 195.1, -184.0, -182.0, -177.9, -174.1, -172.8, -174.7, -178.9, -182.7, -191.9, -188.0, -183.1, -178.1, -174.0, -171.3, -169.7, -171.9, -175.3, -179.4, -183.9, -188.4, -180.4, -178.9, -177.3, -176.5, -177.0, -178.5, -180.1, -180.9, -137.3, -135.7, -131.9, -128.2, -126.8, -128.4, -132.1, -136.2, -142.1, -139.0, -135.0, -130.6, -127.0, -124.7, -123.7, -125.0, -127.4, -130.6, -134.6, -139.0, -133.9, -132.5, -131.0, -130.4, -131.0, -132.4, -133.9, -134.5, -133.2, -137.1, -138.9, -137.5, -133.8, -129.7, -128.1, -129.5, -134.6, -134.6, -134.4, -134.3, -134.0, -133.5, -132.8, -130.6, -129.4, -128.9, -129.6, -131.5, -132.3, -131.7, -132.4, -134.0, -135.4, -135.9, -135.2, -133.7, -149.8, -154.2, -156.2, -154.5, -150.3, -145.8, -143.9, -145.3, -148.0, -149.9, -151.2, -151.8, -151.6, -151.0, -149.6, -147.0, -145.3, -144.5, -144.8, -145.9, -148.4, -147.7, -148.5, -150.2, -151.9, -152.5, -151.8, -150.1, 720.8, 719.7, 719.6, 720.6, 722.0, 723.5, 723.2, 722.2, 725.2, 722.1, 719.7, 718.9, 720.4, 723.0, 725.8, 724.3, 722.4, 721.5, 721.8, 723.3, 722.5, 722.9, 722.8, 722.4, 721.9, 721.5, 721.5, 721.9, 794.3, 794.9, 796.4, 797.7, 798.2, 797.6, 796.2, 795.0, 794.9, 793.9, 793.5, 794.3, 796.9, 800.2, 803.7, 800.7, 797.5, 795.1, 794.0, 794.3, 796.5, 797.0, 797.5, 797.8, 797.6, 797.1, 796.5, 796.3, -158.2, -102.5, 777.3, 0.270, -0.306, -0.012, 1.46, 0.14, 0.21, 1.16, 0.34, 0.00, 0.77, 1.87, 0.00, 1.17, 1.86, 2.28, 0.00, 0.00, 0.00, 0.52, 0.12, 1.0, 1.0, 0.0, 0.0, 0.0, 0.0, 1.0, 1.0, 0.0, 1.0, 1.0, 1.0, 0.0, 0.0, 0.0, 0.0, 1.0, 1.0
8, 0, 0.292, 0.98, 1, 0.392583, 0.310429, -0.865744, 0.185135, 0.379110, -0.906642, 0.315, 0.371, 415.5, 417.7, 422.6, 427.4, 429.3, 427.4, 422.2, 417.4, 406.9, 410.9, 416.3, 422.2, 427.4, 431.0, 433.4, 430.5, 426.2, 421.1, 415.7, 410.6, 420.3, 422.1, 424.1, 424.9, 424.1, 422.3, 420.3, 419.5, 486.6, 488.3, 492.7, 497.3, 499.4, 497.8, 493.4, 488.5, 483.2, 485.4, 488.9, 493.4, 498.5, 503.2, 507.0, 503.6, 499.1, 494.4, 489.8, 485.9, 491.6, 493.4, 495.1, 495.7, 494.9, 493.1, 491.4, 490.8, 198.3, 193.3, 191.1, 193.0, 197.8, 203.1, 205.1, 203.2, 197.9, 196.9, 196.5, 196.5, 197.4, 198.8, 200.6, 202.6, 203.4, 203.6, 202.9, 201.0, 199.9, 200.6, 199.7, 197.8, 195.9, 195.1, 196.0, 198.0, 195.0, 190.3, 188.4, 190.3, 195.0, 199.7, 201.7, 200.0, 196.5, 194.7, 193.5, 192.9, 193.1, 193.6, 194.6, 197.8, 199.8, 200.7, 200.3, 199.1, 196.7, 197.4, 196.7, 194.9, 193.1, 192.3, 193.0, 194.8, -185.7, -183.7, -179.8, -176.1, -174.9, -176.8, -180.9, -184.5, -193.9, -189.8, -184.8, -179.9, -176.1, -173.7, -172.5, -174.5, -177.5, -181.3, -185.8, -190.3, -182.3, -180.9, -179.3, -178.6, -179.0, -180.5, -182.0, -182.8, -139.6, -137.9, -133.7, -129.4, -127.6, -129.2, -133.5, -138.0, -143.3, -140.7, -137.1, -132.7, -128.2, -124.2, -121.1, -123.9, -127.9, -132.2, -136.5, -140.5, -135.1, -133.5, -131.8, -131.2, -131.9, -133.6, -135.2, -135.9, -133.7, -137.7, -139.7, -138.4, -134.6, -130.4, -128.7, -130.0, -134.8, -135.1, -135.1, -135.1, -134.7, -134.0, -133.0, -131.1, -130.0, -129.6, -130.1, -131.9, -132.8, -132.3, -133.1, -134.7, -136.1, -136.6, -135.9, -134.3, -150.2, -154.3, -155.7, -153.8, -149.7, -145.6, -144.1, -145.8, -149.3, -150.4, -151.1, -151.3, -151.2, -151.1, -150.5, -147.4, -145.4, -144.6, -145.2, -146.7, -148.7, -148.0, -148.5, -150.1, -151.7, -152.5, -151.9, -150.3, 723.9, 723.2, 723.5, 724.8, 726.3, 727.4, 726.6, 725.3, 727.7, 725.0, 723.0, 722.7, 724.6, 727.5, 730.4, 728.6, 726.3, 725.0, 724.9, 726.1, 725.9, 726.4, 726.6, 726.3, 725.8, 725.3, 725.1, 725.4, 796.6, 795.3, 794.0, 793.3, 793.8, 795.0, 796.4, 797.4, 799.4, 796.6, 794.0, 792.3, 792.5, 794.2, 796.6, 795.2, 794.2, 794.2, 795.4, 797.7, 796.7, 796.4, 795.9, 795.4, 795.2, 795.5, 796.0, 796.5, -158.7, -102.2, 774.8, 0.272, -0.307, -0.014, 1.41, 0.14, 0.15, 1.43, 0.40, 0.00, 0.85, 1.82, 0.00, 1.14, 1.93, 2.35, 0.00, 0.00, 0.00, 0.24, 0.07, 1.0, 1.0, 0.0, 0.0, 0.0, 0.0, 1.0, 1.0, 0.0, 1.0, 1.0, 1.0, 0.0, 0.0, 0.0, 0.0, 1.0, 1.0
9, 0, 0.334, 0.98, 1, 0.357315, 0.331652, -0.873117, 0.257175, 0.403707, -0.877999, 0.337, 0.398, 414.9, 416.1, 420.3, 424.9, 427.3, 426.3, 421.9, 417.3, 408.1, 411.4, 415.9, 420.8, 425.6, 429.1, 431.6, 429.1, 425.3, 420.8, 416.1, 411.6, 419.4, 421.3, 423.0, 423.5, 422.5, 420.6, 418.9, 418.4, 486.4, 488.3, 492.6, 496.8, 498.5, 496.7, 492.4, 487.8, 481.3, 484.4, 488.4, 493.3, 497.7, 500.9, 503.0, 500.8, 497.6, 493.6, 489.0, 484.5, 490.5, 492.2, 493.9, 494.7, 494.0, 492.3, 490.6, 489.9, 200.0, 195.4, 193.1, 194.5, 198.7, 203.7, 205.7, 204.3, 202.2, 200.1, 198.4, 197.6, 198.3, 199.9, 202.0, 203.0, 203.1, 203.4, 203.5, 203.2, 201.6, 202.2, 201.2, 199.3, 197.6, 197.0, 198.0, 199.8, 196.1, 191.5, 189.6, 191.5, 196.1, 200.6, 202.5, 200.9, 197.1, 195.3, 194.1, 193.7, 194.3, 195.3, 197.0, 199.0, 200.1, 200.5, 200.0, 199.1, 197.9, 198.6, 197.8, 196.0, 194.2, 193.5, 194.2, 196.0, -213.2, -212.4, -208.7, -204.4, -202.0, -202.7, -206.6, -210.9, -220.5, -216.9, -212.2, -207.5, -203.3, -200.4, -198.6, -200.4, -203.4, -207.4, -211.9, -216.6, -209.3, -207.5, -206.0, -205.7, -206.7, -208.4, -209.9, -210.3, -148.0, -146.2, -142.2, -138.3, -136.8, -138.6, -142.6, -146.9, -153.1, -149.9, -145.9, -141.3, -137.4, -134.8, -133.3, -135.0, -137.7, -141.1, -145.5, -149.9, -144.4, -142.8, -141.2, -140.5, -141.2, -142.7, -144.3, -145.0, -151.6, -156.2, -158.6, -157.3, -153.2, -148.3, -146.2, -147.4, -150.1, -151.7, -153.0, -153.7, -153.3, -152.2, -150.6, -149.2, -148.6, -148.2, -148.1, -148.7, -150.3, -149.8, -150.8, -152.6, -154.3, -154.8, -153.9, -152.0, -158.0, -162.4, -164.4, -162.8, -158.6, -154.1, -152.1, -153.5, -157.1, -158.7, -159.7, -160.2, -160.0, -159.6, -158.6, -156.1, -154.5, -153.8, -154.1, -155.1, -156.6, -156.0, -156.8, -158.6, -160.3, -160.9, -160.1, -158.3, 828.9, 830.1, 831.2, 831.6, 831.0, 830.1, 828.8, 828.4, 832.2, 830.2, 828.5, 828.3, 829.7, 831.7, 833.7, 831.3, 829.0, 827.8, 828.0, 829.7, 830.1, 830.3, 830.7, 831.2, 831.4, 831.3, 830.8, 830.4, 843.2, 843.3, 844.4, 845.6, 846.3, 846.1, 845.1, 844.1, 844.3, 842.9, 842.1, 842.5, 844.7, 847.9, 851.4, 848.5, 845.5, 843.4, 842.7, 843.4, 845.2, 845.7, 846.1, 846.2, 845.9, 845.4, 845.0, 844.9, -161.6, -103.0, 783.9, 0.275, -0.317, -0.013, 1.35, 0.29, 0.23, 1.23, 0.56, 0.00, 0.98, 1.93, 0.00, 1.35, 1.84, 2.17, 0.00, 0.00, 0.00, 0.34, 0.67, 1.0, 0.0, 0.0, 0.0, 1.0, 0.0, 1.0, 1.0, 0.0, 1.0, 1.0, 1.0, 0.0, 0.0, 0.0, 0.0, 1.0, 1.0
10, 0, 0.375, 0.98, 1, 0.334434, 0.461817, -0.821510, 0.212051, 0.471343, -0.856078, 0.315, 0.508, 415.8, 417.4, 421.9, 426.6, 428.9, 427.8, 422.9, 418.1, 409.9, 412.8, 416.8, 421.8, 427.0, 431.1, 434.4, 431.3, 426.8, 421.8, 417.2, 413.1, 420.6, 422.7, 424.7, 425.3, 424.3, 422.2, 420.3, 419.6, 484.9, 486.7, 491.1, 495.6, 497.4, 495.6, 491.2, 486.4, 480.9, 483.5, 487.2, 491.8, 496.4, 500.2, 503.1, 500.3, 496.6, 492.4, 487.8, 483.7, 489.2, 491.2, 493.1, 493.9, 493.1, 491.2, 489.2, 488.4, 202.5, 197.7, 195.3, 196.8, 201.2, 206.4, 208.4, 206.9, 204.9, 201.8, 199.4, 197.8, 198.0, 199.4, 201.6, 203.1, 203.6, 204.3, 205.0, 205.3, 204.3, 205.0, 203.9, 201.8, 199.9, 199.3, 200.3, 202.4, 198.0, 193.6, 191.8, 193.6, 198.1, 202.5, 204.3, 202.7, 198.5, 197.3, 196.6, 196.3, 196.6, 196.9, 197.6, 199.3, 200.4, 200.9, 200.7, 200.0, 199.8, 200.6, 199.9, 197.9, 196.0, 195.2, 196.0, 197.9, -204.8, -203.7, -199.6, -195.1, -192.7, -193.5, -197.8, -202.4, -211.3, -208.0, -203.8, -199.0, -194.3, -190.8, -188.2, -190.4, -194.1, -198.6, -203.1, -207.4, -200.5, -198.5, -196.7, -196.2, -197.2, -199.2, -201.0, -201.5, -156.0, -154.0, -149.5, -145.1, -143.4, -145.4, -149.9, -154.7, -160.4, -157.4, -153.4, -148.6, -144.2, -140.7, -138.2, -140.7, -144.1, -148.2, -152.9, -157.2, -151.8, -149.9, -148.0, -147.1, -147.8, -149.7, -151.7, -152.6, -143.9, -148.5, -150.7, -149.3, -145.0, -140.1, -138.2, -139.7, -142.4, -144.9, -146.7, -147.9, -147.8, -146.7, -144.9, -143.2, -142.4, -141.7, -141.3, -141.5, -142.2, -141.6, -142.6, -144.6, -146.4, -147.1, -146.1, -144.1, -162.9, -167.2, -168.9, -167.1, -162.8, -158.5, -156.8, -158.4, -162.8, -163.6, -164.0, -164.1, -164.1, -164.2, -164.0, -161.9, -160.4, -159.7, -160.0, -161.0, -161.3, -160.5, -161.3, -163.2, -165.0, -165.8, -165.0, -163.2, 799.4, 800.5, 800.8, 800.0, 798.7, 797.8, 797.4, 798.1, 803.5, 801.0, 799.0, 797.9, 798.3, 799.5, 800.8, 798.5, 796.7, 796.4, 797.6, 800.1, 799.4, 799.1, 799.2, 799.7, 800.3, 800.6, 800.5, 800.0, 879.9, 879.0, 878.6, 879.0, 879.9, 880.9, 881.3, 881.2, 881.9, 879.8, 878.1, 877.4, 878.5, 880.8, 883.8, 881.5, 879.5, 878.4, 878.7, 880.4, 881.2, 881.4, 881.2, 880.8, 880.4, 880.2, 880.4, 880.8, -162.3, -103.1, 785.9, 0.286, -0.315, -0.005, 1.41, 0.13, 0.32, 0.68, 0.45, 0.00, 0.90, 2.10, 0.00, 0.89, 1.84, 2.15, 0.00, 0.00, 0.00, 0.57, 1.17, 1.0, 0.0, 0.0, 0.0, 0.0, 0.0, 1.0, 1.0, 0.0, 1.0, 1.0, 1.0, 0.0, 0.0, 0.0, 0.0, 1.0, 1.0
11, 0, 0.417, 0.98, 1, 0.349044, 0.469484, -0.811020, 0.148696, 0.455257, -0.877856, 0.287, 0.501, 414.6, 416.0, 420.8, 426.0, 428.7, 427.5, 422.5, 417.2, 406.8, 410.7, 415.5, 421.0, 426.1, 430.0, 432.9, 430.8, 427.0, 422.1, 416.8, 411.5, 419.4, 421.7, 423.8, 424.4, 423.3, 421.0, 418.9, 418.2, 482.5, 484.2, 489.1, 494.2, 496.6, 494.8, 490.0, 484.5, 478.9, 482.0, 486.1, 491.3, 496.3, 500.4, 503.4, 500.6, 496.6, 492.0, 487.0, 482.4, 487.3, 489.7, 491.9, 492.7, 491.7, 489.3, 487.1, 486.2, 202.3, 196.7, 193.9, 195.5, 200.7, 206.6, 209.1, 207.4, 204.4, 201.1, 198.6, 196.5, 196.1, 196.9, 199.0, 201.5, 203.0, 204.5, 205.2, 205.3, 204.1, 204.9, 203.6, 201.1, 198.9, 198.2, 199.4, 201.9, 198.2, 193.3, 191.1, 192.9, 197.7, 202.5, 204.7, 203.4, 200.3, 196.6, 194.2, 193.2, 194.3, 196.7, 200.1, 201.2, 201.6, 201.7, 201.5, 201.4, 200.6, 201.4, 200.4, 198.2, 196.0, 195.2, 196.2, 198.4, -186.0, -184.8, -181.2, -177.2, -175.2, -176.2, -180.0, -184.0, -193.0, -189.2, -185.0, -180.5, -176.8, -174.2, -172.5, -173.6, -176.0, -179.6, -184.0, -188.6, -182.5, -180.8, -179.2, -178.7, -179.6, -181.3, -182.9, -183.4, -135.1, -133.8, -129.8, -125.3, -123.1, -124.3, -128.3, -133.1, -138.2, -135.5, -131.8, -127.4, -123.4, -120.2, -117.9, -119.9, -122.8, -126.5, -130.7, -134.9, -131.0, -128.9, -127.1, -126.5, -127.5, -129.6, -131.4, -132.0, -130.1, -134.8, -137.4, -136.2, -132.1, -127.2, -124.8, -126.0, -128.8, -131.1, -133.0, -134.8, -135.5, -135.3, -134.1, -131.6, -129.7, -128.2, -127.6, -127.7, -129.0, -128.5, -129.6, -131.7, -133.5, -134.0, -132.9, -130.8, -138.7, -143.2, -145.3, -143.7, -139.3, -134.8, -132.8, -134.1, -137.0, -140.1, -142.1, -142.9, -142.2, -140.6, -138.1, -136.5, -135.7, -135.3, -135.4, -135.8, -136.7, -136.0, -136.9, -139.0, -141.0, -141.7, -140.8, -138.7, 721.9, 722.2, 723.4, 724.7, 725.4, 725.5, 723.9, 722.6, 723.9, 722.1, 721.1, 721.4, 723.3, 726.0, 728.8, 726.1, 723.1, 721.4, 721.2, 722.2, 724.0, 724.6, 725.1, 725.3, 725.0, 724.4, 723.9, 723.7, 750.2, 751.9, 752.8, 752.4, 751.0, 749.3, 748.4, 748.9, 750.7, 750.1, 749.8, 749.9, 751.2, 753.3, 755.3, 752.1, 749.3, 747.7, 747.7, 748.9, 750.5, 750.4, 750.8, 751.6, 752.2, 752.4, 752.0, 751.2, -161.4, -102.2, 777.8, 0.279, -0.315, -0.005, 1.14, 0.01, 0.31, 1.54, 0.23, 0.00, 0.67, 1.92, 0.00, 0.78, 1.29, 1.71, 0.00, 0.00, 0.13, 0.74, 1.07, 1.0, 1.0, 0.0, 0.0, 0.0, 0.0, 0.0, 1.0, 0.0, 1.0, 1.0, 1.0, 0.0, 0.0, 0.0, 1.0, 1.0, 1.0
12, 0, 0.459, 0.98, 1, 0.345695, 0.481279, -0.805522, 0.220965, 0.449235, -0.865657, 0.327, 0.508, 414.2, 415.7, 420.4, 425.7, 428.4, 427.2, 422.2, 416.9, 406.8, 410.5, 415.1, 420.5, 425.7, 429.7, 432.8, 430.6, 426.7, 421.7, 416.5, 411.4, 419.2, 421.5, 423.5, 424.2, 423.0, 420.7, 418.6, 418.0, 483.3, 485.0, 489.6, 494.2, 496.2, 494.5, 489.9, 485.0, 478.9, 481.8, 485.7, 490.5, 495.1, 498.8, 501.6, 498.9, 495.3, 491.1, 486.4, 482.1, 487.6, 489.7, 491.8, 492.6, 491.7, 489.6, 487.5, 486.7, 201.0, 195.5, 192.7, 194.2, 199.3, 205.1, 207.6, 206.1, 203.1, 199.9, 197.3, 195.2, 194.6, 195.3, 197.3, 199.8, 201.5, 203.1, 203.9, 204.0, 202.8, 203.4, 202.2, 199.8, 197.6, 196.9, 198.1, 200.6, 196.6, 192.1, 190.2, 192.0, 196.6, 201.2, 203.1, 201.6, 198.4, 196.3, 194.8, 194.4, 195.1, 196.5, 198.5, 199.4, 199.8, 199.8, 199.6, 199.4, 199.0, 199.8, 198.9, 196.9, 194.8, 194.0, 194.8, 196.9, -189.5, -188.3, -184.5, -180.4, -178.3, -179.3, -183.2, -187.4, -196.4, -192.7, -188.5, -184.0, -180.1, -177.3, -175.3, -176.6, -179.2, -183.0, -187.4, -192.0, -185.8, -184.0, -182.4, -181.8, -182.8, -184.6, -186.2, -186.8, -150.1, -148.6, -144.4, -140.0, -137.9, -139.3, -143.5, -148.3, -154.4, -151.5, -147.6, -143.0, -138.8, -135.6, -133.4, -135.5, -138.5, -142.3, -146.7, -151.1, -146.0, -144.0, -142.1, -141.4, -142.4, -144.4, -146.3, -147.0, -133.4, -138.1, -140.6, -139.5, -135.4, -130.5, -128.2, -129.3, -132.1, -134.5, -136.4, -138.1, -138.9, -138.8, -137.7, -135.0, -133.1, -131.5, -130.9, -131.0, -132.3, -131.8, -132.9, -135.0, -136.8, -137.3, -136.2, -134.1, -156.4, -161.0, -163.0, -161.2, -156.7, -152.1, -150.1, -151.5, -154.9, -156.7, -158.0, -158.4, -157.9, -157.0, -155.6, -154.1, -153.3, -153.0, -153.2, -153.6, -154.3, -153.5, -154.4, -156.5, -158.6, -159.4, -158.5, -156.4, 734.4, 734.6, 735.4, 736.5, 737.1, 737.4, 736.1, 735.1, 737.0, 734.8, 733.5, 733.4, 735.1, 737.6, 740.3, 737.8, 735.0, 733.6, 733.7, 735.0, 736.3, 736.8, 737.1, 737.2, 736.9, 736.5, 736.1, 736.0, 837.8, 839.1, 840.0, 840.0, 839.1, 837.8, 836.9, 837.0, 838.9, 837.7, 836.9, 836.8, 838.1, 840.4, 842.9, 840.0, 837.4, 835.8, 835.8, 837.2, 838.5, 838.5, 839.0, 839.5, 840.0, 840.0, 839.5, 839.0, -161.3, -102.8, 776.2, 0.277, -0.320, -0.003, 0.93, 0.12, 0.64, 1.04, 0.42, 0.00, 0.69, 2.26, 0.00, 0.33, 1.17, 1.65, 0.04, 0.00, 0.36, 0.94, 1.39, 1.0, 1.0, 1.0, 0.0, 0.0, 0.0, 0.0, 1.0, 0.0, 0.0, 1.0, 1.0, 0.0, 0.0, 1.0, 1.0, 1.0, 1.0
13, 0, 0.500, 0.98, 1, 0.295767, 0.479345, -0.826287, 0.253273, 0.431473, -0.865843, 0.314, 0.494, 413.8, 415.1, 419.7, 424.8, 427.4, 426.3, 421.4, 416.4, 407.3, 410.7, 415.2, 420.8, 426.0, 429.8, 432.7, 430.2, 426.3, 421.3, 416.3, 411.5, 418.6, 420.8, 422.8, 423.5, 422.3, 420.0, 418.0, 417.4, 484.1, 485.8, 490.1, 494.3, 496.1, 494.4, 490.1, 485.6, 479.4, 482.1, 485.7, 490.4, 494.8, 498.3, 500.9, 498.4, 495.0, 490.9, 486.5, 482.4, 488.2, 490.0, 491.8, 492.6, 491.8, 490.0, 488.1, 487.4, 198.3, 193.1, 190.3, 191.7, 196.4, 201.9, 204.4, 203.0, 200.2, 197.0, 194.5, 192.4, 191.9, 192.7, 194.8, 197.0, 198.5, 199.9, 200.7, 200.9, 199.8, 200.4, 199.2, 196.8, 194.8, 194.1, 195.4, 197.7, 193.4, 189.2, 187.5, 189.4, 193.7, 198.0, 199.7, 198.1, 195.4, 193.6, 192.2, 191.7, 192.4, 193.7, 195.5, 196.5, 196.9, 196.9, 196.7, 196.5, 195.6, 196.4, 195.7, 193.9, 192.0, 191.2, 191.9, 193.7, -196.8, -195.5, -191.6, -187.4, -185.4, -186.5, -190.6, -194.8, -203.3, -199.6, -195.2, -190.3, -186.1, -183.4, -181.6, -183.2, -186.0, -190.1, -194.5, -199.0, -193.1, -191.2, -189.5, -188.9, -189.8, -191.7, -193.4, -194.0, -158.4, -156.8, -152.7, -148.4, -146.5, -148.1, -152.2, -156.8, -163.4, -160.5, -156.6, -151.9, -147.6, -144.4, -142.3, -144.3, -147.3, -151.2, -155.7, -160.1, -154.4, -152.6, -150.8, -150.1, -151.0, -152.8, -154.6, -155.3, -140.7, -145.2, -147.6, -146.5, -142.6, -137.9, -135.7, -136.7, -139.6, -141.9, -143.7, -145.5, -146.2, -146.0, -144.7, -142.3, -140.5, -139.1, -138.5, -138.5, -139.7, -139.2, -140.3, -142.3, -144.1, -144.5, -143.4, -141.4, -169.2, -173.8, -175.7, -173.8, -169.2, -164.7, -162.8, -164.4, -167.5, -169.1, -170.3, -170.8, -170.4, -169.6, -168.2, -166.6, -165.7, -165.4, -165.6, -166.1, -167.2, -166.4, -167.2, -169.2, -171.1, -171.9, -171.1, -169.2, 761.3, 760.9, 761.1, 761.9, 762.8, 763.6, 763.0, 762.2, 764.3, 761.5, 759.8, 759.4, 761.0, 763.6, 766.4, 764.0, 761.5, 760.4, 760.7, 762.1, 763.0, 763.3, 763.4, 763.3, 762.9, 762.5, 762.4, 762.6, 889.0, 890.2, 891.2, 891.4, 890.7, 889.5, 888.5, 888.5, 890.5, 889.2, 888.2, 888.1, 889.6, 892.0, 894.8, 891.7, 889.1, 887.5, 887.4, 888.8, 890.0, 890.1, 890.6, 891.1, 891.4, 891.3, 890.9, 890.3, -161.4, -104.0, 776.1, 0.285, -0.320, 0.001, 1.21, 0.22, 0.73, 1.25, 0.30, 0.12, 0.70, 2.31, 0.00, 0.09, 1.21, 1.52, 0.00, 0.00, 0.58, 1.07, 1.00, 1.0, 1.0, 0.0, 0.0, 0.0, 0.0, 1.0, 1.0, 0.0, 0.0, 1.0, 1.0, 0.0, 0.0, 1.0, 1.0, 1.0, 1.0
14, 0, 0.542, 0.98, 1, 0.314779, 0.378919, -0.870250, 0.266240, 0.413082, -0.870907, 0.322, 0.427, 413.2, 414.5, 418.7, 423.4, 425.9, 425.1, 420.5, 415.7, 407.7, 410.3, 414.3, 419.3, 424.5, 428.7, 431.9, 428.9, 424.4, 419.5, 414.8, 410.6, 418.2, 420.1, 421.7, 422.2, 421.2, 419.3, 417.7, 417.2, 484.7, 486.7, 491.1, 495.1, 496.6, 494.5, 490.2, 485.8, 480.0, 482.7, 486.5, 491.2, 495.7, 499.1, 501.4, 498.9, 495.3, 491.2, 486.8, 482.8, 488.8, 490.4, 492.1, 492.9, 492.3, 490.7, 489.0, 488.2, 196.1, 191.4, 189.0, 190.4, 194.7, 199.6, 201.7, 200.4, 196.4, 195.6, 195.0, 194.5, 194.4, 194.8, 195.5, 197.5, 198.8, 199.5, 199.5, 198.5, 197.2, 197.7, 196.8, 194.9, 193.2, 192.7, 193.6, 195.5, 192.0, 187.9, 186.3, 188.2, 192.5, 196.6, 198.2, 196.5, 192.9, 191.4, 190.5, 190.3, 190.9, 191.7, 193.0, 195.0, 196.2, 196.6, 196.0, 194.9, 193.7, 194.4, 193.8, 192.2, 190.5, 189.7, 190.4, 192.0, -209.3, -207.8, -203.6, -199.2, -197.2, -198.3, -202.8, -207.2, -215.9, -212.5, -208.0, -202.9, -198.2, -194.8, -192.4, -194.8, -198.6, -203.2, -207.9, -212.4, -204.9, -203.1, -201.5, -200.9, -201.7, -203.5, -205.1, -205.7, -156.8, -154.6, -150.2, -146.3, -145.0, -147.2, -151.6, -155.9, -161.9, -158.7, -154.6, -149.9, -145.7, -142.7, -140.9, -143.1, -146.3, -150.2, -154.6, -158.9, -153.0, -151.4, -149.7, -148.8, -149.3, -150.9, -152.6, -153.4, -151.3, -155.4, -157.3, -156.0, -152.2, -148.0, -146.2, -147.5, -152.0, -152.0, -152.0, -152.2, -152.3, -152.3, -152.1, -149.9, -148.6, -147.9, -148.2, -149.5, -150.4, -149.9, -150.7, -152.3, -153.8, -154.3, -153.5, -151.9, -169.5, -173.6, -175.2, -173.5, -169.4, -165.3, -163.7, -165.3, -169.1, -170.2, -170.8, -170.9, -170.7, -170.5, -169.7, -167.3, -165.6, -165.0, -165.5, -166.9, -168.2, -167.5, -168.2, -169.8, -171.4, -172.1, -171.4, -169.8, 807.5, 806.2, 805.2, 805.0, 805.8, 807.5, 808.2, 808.4, 813.0, 809.4, 806.3, 804.4, 804.8, 806.6, 808.7, 807.4, 806.2, 806.3, 807.7, 810.2, 808.2, 808.1, 807.7, 807.1, 806.8, 806.9, 807.3, 807.8, 883.1, 882.4, 882.5, 883.5, 884.7, 885.5, 885.4, 884.7, 885.3, 883.2, 881.6, 881.3, 883.0, 886.0, 889.4, 887.2, 884.9, 883.4, 883.3, 884.3, 884.9, 885.3, 885.4, 885.1, 884.6, 884.2, 884.1, 884.4, -161.7, -105.1, 777.2, 0.260, -0.326, -0.006, 1.38, 0.43, 0.52, 1.29, 0.31, 0.00, 0.74, 2.17, 0.00, 0.07, 1.16, 1.56, 0.00, 0.00, 0.54, 1.09, 0.98, 1.0, 1.0, 0.0, 0.0, 0.0, 0.0, 1.0, 1.0, 0.0, 0.0, 1.0, 1.0, 0.0, 0.0, 1.0, 1.0, 1.0, 1.0
15, 0, 0.584, 0.98, 1, 0.323731, 0.345839, -0.880678, 0.272991, 0.405288, -0.872478, 0.328, 0.405, 413.6, 415.0, 419.2, 423.7, 426.0, 424.9, 420.3, 415.8, 407.9, 410.8, 414.9, 419.8, 424.6, 428.5, 431.2, 428.4, 424.3, 419.6, 415.0, 410.8, 418.2, 420.0, 421.7, 422.3, 421.4, 419.6, 417.9, 417.3, 485.0, 487.0, 491.3, 495.4, 496.9, 495.0, 490.7, 486.2, 480.2, 483.0, 486.7, 491.4, 495.9, 499.3, 501.6, 499.1, 495.6, 491.5, 487.1, 483.0, 489.1, 490.7, 492.4, 493.2, 492.6, 491.0, 489.3, 488.5, 195.5, 190.8, 188.5, 190.0, 194.3, 199.2, 201.2, 199.8, 196.8, 195.3, 194.1, 193.5, 194.0, 195.3, 196.9, 198.1, 198.5, 198.8, 198.8, 198.2, 196.9, 197.5, 196.6, 194.7, 193.0, 192.4, 193.3, 195.2, 192.2, 188.0, 186.3, 188.2, 192.5, 196.8, 198.4, 196.8, 193.2, 191.6, 190.6, 190.4, 191.0, 191.8, 193.2, 195.3, 196.5, 196.8, 196.3, 195.2, 193.9, 194.6, 194.0, 192.3, 190.6, 189.9, 190.5, 192.2, -218.4, -217.1, -213.1, -208.7, -206.4, -207.5, -211.8, -216.2, -225.1, -221.6, -216.9, -212.0, -207.5, -204.2, -202.0, -204.3, -207.9, -212.2, -216.9, -221.5, -214.1, -212.3, -210.7, -210.2, -211.1, -212.9, -214.5, -215.0, -156.0, -153.9, -149.6, -145.7, -144.3, -146.4, -150.7, -155.1, -161.2, -158.1, -154.0, -149.2, -145.1, -142.0, -140.3, -142.4, -145.6, -149.5, -153.9, -158.2, -152.2, -150.6, -148.9, -148.1, -148.6, -150.2, -151.9, -152.7, -158.8, -163.3, -165.5, -164.1, -159.8, -155.1, -153.1, -154.5, -158.3, -159.3, -159.9, -160.3, -159.9, -159.0, -157.8, -156.3, -155.6, -155.3, -155.4, -156.4, -157.4, -156.9, -157.8, -159.6, -161.3, -161.9, -161.0, -159.1, -168.9, -173.1, -174.8, -173.1, -168.9, -164.7, -163.0, -164.5, -168.3, -169.6, -170.2, -170.4, -170.1, -169.9, -169.0, -166.6, -164.9, -164.3, -164.8, -166.1, -167.5, -166.9, -167.6, -169.2, -170.8, -171.5, -170.8, -169.2, 844.2, 844.5, 844.5, 844.2, 843.9, 843.8, 843.6, 843.9, 848.7, 845.9, 843.4, 842.3, 843.0, 844.8, 846.7, 844.8, 843.1, 842.5, 843.5, 845.8, 844.8, 844.7, 844.7, 844.8, 845.0, 845.1, 845.1, 845.0, 880.7, 880.2, 880.4, 881.4, 882.4, 883.0, 882.7, 882.1, 882.8, 880.8, 879.3, 879.0, 880.7, 883.6, 887.0, 884.7, 882.4, 880.9, 880.7, 881.8, 882.5, 882.9, 883.0, 882.7, 882.3, 881.9, 881.8, 882.1, -162.6, -105.9, 781.5, 0.264, -0.329, -0.002, 1.10, 0.20, 0.41, 1.28, 0.45, 0.00, 0.87, 2.03, 0.00, 0.08, 1.15, 1.55, 0.00, 0.00, 0.46, 0.95, 0.83, 1.0, 1.0, 0.0, 1.0, 0.0, 0.0, 1.0, 1.0, 0.0, 0.0, 1.0, 1.0, 0.0, 0.0, 0.0, 1.0, 1.0, 1.0
16, 0, 0.626, 0.98, 1, 0.318081, 0.371003, -0.872457, 0.274729, 0.425587, -0.862206, 0.329, 0.430, 413.2, 414.8, 419.2, 423.7, 425.8, 424.6, 419.9, 415.3, 407.7, 410.5, 414.4, 419.2, 424.1, 428.4, 431.8, 428.7, 424.0, 419.1, 414.4, 410.4, 418.0, 419.8, 421.6, 422.2, 421.4, 419.5, 417.8, 417.1, 485.2, 487.1, 491.4, 495.5, 497.0, 495.1, 490.8, 486.3, 480.1, 482.9, 486.8, 491.5, 495.9, 499.2, 501.4, 499.0, 495.6, 491.6, 487.2, 483.0, 489.2, 490.8, 492.5, 493.3, 492.7, 491.1, 489.4, 488.6, 195.9, 191.1, 188.9, 190.4, 194.9, 200.0, 201.9, 200.3, 197.3, 195.7, 194.5, 193.7, 194.1, 195.0, 196.0, 197.7, 198.2, 198.7, 198.9, 198.6, 197.5, 198.1, 197.2, 195.3, 193.5, 192.9, 193.8, 195.8, 193.3, 189.0, 187.3, 189.2, 193.5, 197.8, 199.5, 197.9, 194.2, 192.5, 191.5, 191.2, 191.7, 192.5, 193.9, 196.1, 197.4, 197.9, 197.4, 196.3, 195.0, 195.7, 195.0, 193.3, 191.6, 190.8, 191.5, 193.2, -211.9, -210.6, -206.4, -201.9, -199.7, -200.8, -205.2, -209.7, -218.5, -215.0, -210.6, -205.7, -201.1, -197.4, -194.6, -197.1, -201.1, -205.7, -210.5, -214.9, -207.4, -205.6, -204.0, -203.4, -204.3, -206.1, -207.8, -208.3, -155.0, -152.9, -148.7, -144.8, -143.5, -145.5, -149.8, -154.1, -160.3, -157.2, -153.1, -148.4, -144.3, -141.5, -139.8, -141.8, -144.9, -148.6, -153.0, -157.3, -151.3, -149.7, -148.1, -147.3, -147.8, -149.3, -151.0, -151.8, -153.4, -157.9, -159.9, -158.3, -154.0, -149.2, -147.4, -149.0, -153.0, -153.9, -154.6, -154.9, -154.6, -154.0, -153.3, -151.4, -150.6, -150.2, -150.3, -151.1, -151.8, -151.2, -152.0, -153.8, -155.5, -156.2, -155.4, -153.5, -166.8, -171.1, -172.9, -171.2, -167.1, -162.8, -161.0, -162.5, -166.3, -167.6, -168.4, -168.7, -168.5, -168.3, -167.5, -164.9, -163.1, -162.3, -162.7, -164.0, -165.6, -164.9, -165.6, -167.3, -168.9, -169.6, -168.9, -167.2, 817.7, 818.1, 817.7, 816.8, 815.8, 815.6, 815.8, 816.8, 823.1, 819.7, 816.9, 815.2, 815.1, 816.3, 817.9, 816.0, 814.6, 814.7, 816.3, 819.3, 817.6, 817.2, 817.0, 817.2, 817.6, 818.0, 818.1, 818.0, 875.7, 875.2, 875.8, 877.0, 878.2, 878.6, 878.0, 877.1, 877.5, 875.6, 874.4, 874.3, 876.2, 879.3, 882.7, 880.3, 877.9, 876.2, 875.8, 876.7, 877.7, 878.2, 878.4, 878.2, 877.8, 877.3, 877.1, 877.2, -163.6, -106.0, 784.4, 0.279, -0.319, 0.003, 1.35, 0.29, 0.52, 0.96, 0.41, 0.00, 1.02, 2.27, 0.00, 0.57, 1.25, 1.33, 0.00, 0.00, 0.48, 0.70, 0.75, 1.0, 1.0, 0.0, 0.0, 0.0, 0.0, 1.0, 1.0, 0.0, 1.0, 1.0, 1.0, 0.0, 0.0, 0.0, 0.0, 1.0, 1.0
17, 0, 0.667, 0.98, 1, 0.327283, 0.360328, -0.873527, 0.255661, 0.424430, -0.868618, 0.323, 0.423, 413.4, 415.0, 419.5, 424.1, 426.2, 424.9, 420.0, 415.4, 407.6, 410.6, 414.6, 419.4, 424.4, 428.7, 432.0, 428.9, 424.2, 419.3, 414.5, 410.5, 418.1, 420.0, 421.8, 422.5, 421.6, 419.8, 418.0, 417.3, 484.9, 486.9, 491.2, 495.3, 496.9, 494.9, 490.6, 486.1, 480.1, 483.0, 486.9, 491.7, 496.0, 499.3, 501.4, 499.1, 495.8, 491.8, 487.3, 483.0, 489.0, 490.6, 492.3, 493.1, 492.4, 490.8, 489.2, 488.4, 196.5, 191.7, 189.5, 191.1, 195.5, 200.6, 202.5, 200.9, 198.2, 196.4, 195.0, 194.3, 194.8, 196.0, 197.2, 198.6, 198.9, 199.2, 199.4, 199.2, 198.2, 198.8, 197.9, 196.0, 194.2, 193.6, 194.5, 196.4, 194.3, 189.9, 188.2, 190.0, 194.4, 198.8, 200.6, 199.0, 195.3, 193.6, 192.5, 192.2, 192.7, 193.5, 195.0, 197.2, 198.4, 198.9, 198.4, 197.3, 196.0, 196.7, 196.0, 194.3, 192.6, 191.9, 192.6, 194.3, -210.4, -209.0, -204.8, -200.3, -198.1, -199.1, -203.6, -208.1, -217.0, -213.4, -209.0, -204.1, -199.5, -195.9, -193.2, -195.6, -199.5, -204.1, -208.9, -213.4, -205.9, -204.1, -202.4, -201.8, -202.7, -204.6, -206.2, -206.8, -153.5, -151.5, -147.3, -143.4, -142.1, -144.0, -148.2, -152.5, -158.5, -155.3, -151.3, -146.6, -142.6, -139.9, -138.4, -140.3, -143.1, -146.7, -151.1, -155.5, -149.8, -148.3, -146.6, -145.9, -146.4, -147.9, -149.5, -150.3, -151.8, -156.3, -158.4, -156.8, -152.4, -147.6, -145.8, -147.4, -151.1, -152.2, -153.0, -153.4, -152.9, -152.1, -151.2, -149.5, -149.0, -148.7, -148.7, -149.4, -150.1, -149.5, -150.3, -152.2, -153.9, -154.6, -153.7, -151.9, -164.0, -168.2, -170.1, -168.5, -164.4, -160.1, -158.2, -159.6, -163.3, -164.7, -165.5, -165.8, -165.7, -165.5, -164.7, -162.1, -160.3, -159.5, -159.9, -161.1, -162.7, -162.1, -162.8, -164.5, -166.1, -166.7, -166.0, -164.3, 812.1, 812.9, 812.8, 811.9, 810.7, 810.0, 810.0, 810.9, 817.1, 814.0, 811.4, 809.8, 809.9, 811.1, 812.7, 810.7, 809.1, 809.1, 810.5, 813.4, 812.0, 811.6, 811.6, 811.9, 812.4, 812.8, 812.8, 812.5, 866.0, 865.7, 866.3, 867.5, 868.6, 868.9, 868.3, 867.3, 867.5, 865.8, 864.7, 864.8, 866.9, 870.1, 873.5, 871.1, 868.4, 866.5, 865.9, 866.7, 868.0, 868.5, 868.8, 868.6, 868.2, 867.7, 867.5, 867.6, -164.2, -106.0, 786.9, 0.285, -0.319, 0.008, 1.32, 0.13, 0.31, 0.45, 0.46, 0.00, 1.18, 2.28, 0.00, 0.50, 1.25, 1.23, 0.00, 0.00, 0.49, 0.31, 0.71, 1.0, 1.0, 0.0, 0.0, 0.0, 0.0, 1.0, 1.0, 0.0, 0.0, 1.0, 1.0, 0.0, 0.0, 0.0, 0.0, 1.0, 1.0
18, 0, 0.709, 0.98, 1, 0.333294, 0.352465, -0.874462, 0.244472, 0.427438, -0.870362, 0.320, 0.420, 413.5, 414.9, 419.2, 423.9, 426.3, 425.3, 420.6, 415.9, 407.4, 410.2, 414.4, 419.4, 424.7, 429.0, 432.4, 429.3, 424.6, 419.5, 414.7, 410.4, 418.4, 420.3, 422.0, 422.6, 421.6, 419.7, 418.0, 417.5, 484.9, 486.8, 491.2, 495.4, 497.0, 495.1, 490.8, 486.2, 480.3, 483.3, 487.3, 492.0, 496.3, 499.5, 501.7, 499.4, 496.1, 492.2, 487.7, 483.3, 489.0, 490.7, 492.4, 493.2, 492.5, 490.9, 489.1, 488.4, 196.4, 191.5, 189.0, 190.5, 195.0, 200.2, 202.3, 200.9, 197.7, 196.1, 194.8, 194.0, 194.3, 195.3, 196.4, 198.1, 198.8, 199.4, 199.6, 199.2, 197.8, 198.3, 197.4, 195.4, 193.6, 193.0, 194.0, 196.0, 194.4, 189.9, 188.1, 190.0, 194.5, 198.9, 200.7, 199.2, 195.3, 193.6, 192.4, 192.1, 192.6, 193.5, 195.1, 197.2, 198.4, 198.9, 198.4, 197.4, 196.1, 196.9, 196.1, 194.4, 192.6, 191.8, 192.6, 194.3, -205.0, -203.7, -199.7, -195.3, -193.1, -194.1, -198.4, -202.8, -212.0, -208.5, -204.0, -199.0, -194.3, -190.8, -188.2, -190.6, -194.5, -199.0, -203.8, -208.3, -200.6, -198.9, -197.3, -196.8, -197.6, -199.4, -201.0, -201.5, -152.3, -150.4, -146.3, -142.4, -140.9, -142.8, -146.9, -151.3, -157.1, -153.9, -149.8, -145.2, -141.3, -138.7, -137.1, -138.9, -141.7, -145.3, -149.6, -154.0, -148.6, -147.1, -145.4, -144.7, -145.2, -146.8, -148.5, -149.2, -148.1, -152.5, -154.6, -153.2, -149.1, -144.5, -142.6, -144.0, -148.0, -148.7, -149.4, -149.8, -149.5, -149.0, -148.3, -146.4, -145.5, -145.0, -145.0, -145.9, -146.9, -146.3, -147.2, -148.9, -150.6, -151.1, -150.3, -148.5, -162.7, -167.0, -169.0, -167.3, -163.1, -158.7, -156.8, -158.2, -162.0, -163.5, -164.4, -164.8, -164.6, -164.4, -163.5, -160.9, -159.1, -158.3, -158.7, -159.8, -161.3, -160.7, -161.5, -163.2, -164.9, -165.5, -164.8, -163.0, 791.9, 791.7, 791.2, 790.8, 790.5, 791.0, 791.2, 791.7, 797.6, 794.1, 791.2, 789.4, 789.7, 791.3, 793.1, 791.4, 789.9, 789.9, 791.3, 794.1, 792.2, 792.0, 791.8, 791.8, 791.9, 792.1, 792.2, 792.3, 859.6, 859.4, 860.1, 861.3, 862.2, 862.3, 861.6, 860.7, 860.8, 859.2, 858.3, 858.5, 860.6, 863.7, 867.2, 864.6, 861.8, 859.9, 859.3, 860.0, 861.5, 862.0, 862.3, 862.2, 861.8, 861.4, 861.1, 861.2, -164.1, -106.1, 786.5, 0.283, -0.327, 0.010, 1.38, 0.12, 0.20, 0.54, 0.30, 0.00, 1.11, 2.50, 0.00, 0.36, 1.12, 1.21, 0.00, 0.00, 0.39, 0.00, 0.69, 1.0, 1.0, 0.0, 0.0, 0.0, 0.0, 1.0, 1.0, 0.0, 0.0, 1.0, 1.0, 0.0, 0.0, 0.0, 0.0, 1.0, 1.0
19, 0, 0.751, 0.98, 1, 0.318253, 0.363645, -0.875487, 0.260421, 0.415851, -0.871349, 0.320, 0.420, 413.3, 414.7, 419.0, 423.7, 426.0, 425.1, 420.4, 415.7, 407.9, 410.5, 414.3, 419.2, 424.4, 428.9, 432.4, 429.1, 424.4, 419.4, 414.6, 410.6, 418.3, 420.1, 421.9, 422.4, 421.5, 419.6, 417.9, 417.3, 484.9, 486.8, 491.1, 495.3, 496.9, 495.0, 490.7, 486.1, 480.1, 483.0, 486.9, 491.7, 496.0, 499.2, 501.3, 499.1, 495.7, 491.8, 487.3, 483.0, 489.0, 490.6, 492.3, 493.1, 492.4, 490.8, 489.1, 488.3, 196.0, 191.1, 188.7, 190.2, 194.7, 199.9, 202.0, 200.5, 196.9, 195.4, 194.3, 193.6, 193.9, 194.9, 196.1, 197.8, 198.5, 199.0, 199.1, 198.5, 197.4, 198.0, 197.0, 195.1, 193.3, 192.7, 193.6, 195.6, 193.8, 189.4, 187.6, 189.4, 193.9, 198.3, 200.1, 198.5, 194.9, 193.0, 191.9, 191.6, 192.1, 193.0, 194.6, 196.7, 198.0, 198.5, 198.0, 196.9, 195.5, 196.3, 195.5, 193.8, 192.0, 191.3, 192.0, 193.8, -206.2, -204.8, -200.7, -196.3, -194.1, -195.2, -199.6, -204.1, -212.7, -209.4, -205.0, -200.1, -195.4, -191.6, -188.9, -191.5, -195.5, -200.1, -204.9, -209.3, -201.8, -200.0, -198.3, -197.8, -198.6, -200.4, -202.1, -202.6, -153.1, -151.2, -147.1, -143.2, -141.7, -143.6, -147.8, -152.1, -158.1, -154.9, -150.9, -146.2, -142.3, -139.6, -138.1, -139.9, -142.8, -146.4, -150.7, -155.0, -149.4, -147.9, -146.3, -145.5, -146.1, -147.6, -149.3, -150.0, -149.2, -153.6, -155.6, -154.1, -149.9, -145.4, -143.6, -145.1, -149.5, -150.1, -150.6, -150.8, -150.5, -149.9, -149.1, -147.3, -146.4, -146.0, -146.2, -147.3, -147.9, -147.3, -148.1, -149.9, -151.6, -152.2, -151.4, -149.6, -164.0, -168.3, -170.3, -168.7, -164.5, -160.1, -158.2, -159.6, -163.3, -164.8, -165.7, -166.1, -165.9, -165.6, -164.7, -162.1, -160.3, -159.5, -159.9, -161.1, -162.7, -162.1, -162.9, -164.6, -166.3, -166.9, -166.1, -164.4, 796.1, 795.6, 794.7, 794.0, 793.8, 794.5, 795.2, 795.9, 801.9, 798.3, 795.1, 793.0, 793.0, 794.3, 796.0, 794.6, 793.4, 793.7, 795.4, 798.4, 796.1, 795.8, 795.5, 795.3, 795.4, 795.7, 796.0, 796.2, 863.7, 863.5, 864.2, 865.4, 866.4, 866.6, 865.9, 864.9, 865.1, 863.5, 862.4, 862.6, 864.7, 867.8, 871.2, 868.7, 866.0, 864.1, 863.5, 864.3, 865.7, 866.2, 866.5, 866.4, 866.0, 865.5, 865.2, 865.3, -164.9, -107.0, 789.4, 0.283, -0.329, 0.012, 1.60, 0.27, 0.31, 0.59, 0.43, 0.00, 1.16, 2.49, 0.00, 0.30, 1.29, 1.12, 0.00, 0.00, 0.56, 0.00, 0.58, 1.0, 1.0, 0.0, 0.0, 0.0, 0.0, 1.0, 1.0, 0.0, 0.0, 1.0, 1.0, 0.0, 0.0, 1.0, 0.0, 1.0, 1.0
20, 0, 0.792, 0.98, 1, 0.315316, 0.368372, -0.874573, 0.253774, 0.415912, -0.873279, 0.315, 0.422, 412.8, 414.4, 418.8, 423.4, 425.5, 424.3, 419.5, 414.9, 407.3, 410.0, 413.9, 418.8, 423.8, 428.2, 431.6, 428.4, 423.7, 418.7, 414.0, 410.1, 417.6, 419.4, 421.2, 421.9, 421.0, 419.2, 417.4, 416.7, 484.3, 486.2, 490.5, 494.7, 496.3, 494.4, 490.1, 485.5, 479.6, 482.5, 486.4, 491.1, 495.4, 498.7, 500.9, 498.5, 495.1, 491.2, 486.7, 482.5, 488.4, 490.1, 491.8, 492.5, 491.9, 490.2, 488.5, 487.7, 195.5, 190.6, 188.4, 190.1, 194.7, 199.8, 201.7, 200.1, 196.6, 195.1, 193.9, 193.2, 193.6, 194.6, 195.8, 197.5, 198.2, 198.6, 198.7, 198.2, 197.1, 197.8, 196.9, 195.0, 193.1, 192.4, 193.3, 195.3, 193.6, 189.2, 187.4, 189.3, 193.7, 198.1, 199.9, 198.3, 194.6, 192.8, 191.7, 191.4, 192.0, 192.9, 194.4, 196.6, 197.9, 198.3, 197.8, 196.7, 195.3, 196.1, 195.3, 193.6, 191.8, 191.1, 191.8, 193.6, -209.0, -207.5, -203.3, -198.9, -196.8, -198.0, -202.5, -207.0, -215.5, -212.1, -207.7, -202.8, -198.1, -194.4, -191.7, -194.2, -198.2, -202.9, -207.6, -212.0, -204.6, -202.8, -201.1, -200.5, -201.3, -203.1, -204.8, -205.4, -154.4, -152.5, -148.3, -144.3, -142.8, -144.8, -149.0, -153.3, -159.3, -156.1, -152.0, -147.4, -143.5, -140.7, -139.1, -141.0, -144.0, -147.6, -151.9, -156.3, -150.6, -149.1, -147.4, -146.6, -147.2, -148.8, -150.5, -151.2, -151.3, -155.7, -157.7, -156.0, -151.7, -147.0, -145.4, -147.0, -151.3, -152.0, -152.6, -152.8, -152.5, -151.8, -151.1, -149.2, -148.3, -147.9, -148.1, -149.2, -149.8, -149.1, -149.9, -151.7, -153.4, -154.1, -153.3, -151.5, -164.9, -169.3, -171.2, -169.5, -165.3, -161.0, -159.1, -160.5, -164.3, -165.7, -166.6, -166.9, -166.7, -166.4, -165.5, -162.9, -161.1, -160.3, -160.8, -162.1, -163.6, -163.0, -163.7, -165.5, -167.1, -167.8, -167.0, -165.3, 804.9, 804.7, 804.0, 803.2, 802.8, 803.1, 803.6, 804.4, 810.4, 806.9, 803.9, 802.0, 802.0, 803.3, 804.9, 803.3, 802.0, 802.2, 803.8, 806.8, 804.9, 804.5, 804.3, 804.2, 804.4, 804.7, 805.0, 805.1, 867.5, 867.2, 867.8, 868.9, 869.8, 870.1, 869.5, 868.7, 869.0, 867.3, 866.2, 866.2, 868.2, 871.2, 874.5, 872.1, 869.5, 867.7, 867.3, 868.1, 869.4, 869.8, 870.0, 869.9, 869.6, 869.1, 868.9, 869.0, -165.4, -107.1, 789.4, 0.284, -0.323, 0.013, 1.29, 0.30, 0.40, 0.58, 0.41, 0.00, 1.09, 2.68, 0.00, 0.30, 1.20, 1.22, 0.00, 0.00, 0.60, 0.00, 0.48, 1.0, 1.0, 0.0, 0.0, 0.0, 0.0, 1.0, 1.0, 0.0, 0.0, 1.0, 1.0, 0.0, 0.0, 1.0, 0.0, 1.0, 1.0
21, 0, 0.834, 0.98, 1, 0.309809, 0.367001, -0.877114, 0.247285, 0.418421, -0.873942, 0.308, 0.422, 412.1, 413.6, 417.9, 422.6, 424.9, 423.8, 419.1, 414.4, 406.7, 409.4, 413.3, 418.1, 423.3, 427.7, 431.2, 427.9, 423.2, 418.3, 413.5, 409.5, 417.0, 418.9, 420.7, 421.3, 420.4, 418.5, 416.7, 416.1, 483.7, 485.6, 490.0, 494.2, 495.8, 493.9, 489.5, 485.0, 479.0, 482.0, 485.9, 490.7, 495.0, 498.2, 500.4, 498.0, 494.7, 490.7, 486.2, 481.9, 487.8, 489.5, 491.2, 492.0, 491.3, 489.7, 487.9, 487.2, 195.7, 190.8, 188.4, 189.9, 194.5, 199.7, 201.8, 200.2, 196.7, 195.2, 194.0, 193.2, 193.6, 194.5, 195.7, 197.5, 198.2, 198.7, 198.9, 198.3, 197.2, 197.8, 196.9, 194.9, 193.0, 192.4, 193.3, 195.3, 193.7, 189.3, 187.4, 189.3, 193.7, 198.2, 200.0, 198.4, 194.5, 192.8, 191.7, 191.4, 192.0, 192.8, 194.4, 196.6, 197.9, 198.3, 197.8, 196.7, 195.4, 196.1, 195.4, 193.6, 191.9, 191.1, 191.9, 193.6, -207.8, -206.4, -202.2, -197.8, -195.6, -196.7, -201.2, -205.6, -214.3, -210.9, -206.5, -201.6, -196.9, -193.2, -190.4, -193.0, -197.0, -201.6, -206.3, -210.7, -203.4, -201.5, -199.8, -199.3, -200.2, -202.0, -203.7, -204.2, -153.8, -151.9, -147.7, -143.7, -142.3, -144.2, -148.4, -152.8, -158.7, -155.5, -151.4, -146.8, -142.9, -140.1, -138.6, -140.5, -143.4, -147.0, -151.3, -155.7, -150.1, -148.5, -146.9, -146.1, -146.7, -148.2, -149.9, -150.7, -149.9, -154.3, -156.3, -154.7, -150.5, -145.9, -144.1, -145.7, -150.0, -150.7, -151.2, -151.5, -151.2, -150.6, -149.8, -147.9, -147.0, -146.6, -146.8, -147.8, -148.5, -147.8, -148.7, -150.5, -152.2, -152.8, -152.0, -150.2, -163.7, -168.0, -169.9, -168.3, -164.1, -159.8, -157.8, -159.2, -163.1, -164.5, -165.4, -165.7, -165.5, -165.2, -164.3, -161.7, -159.9, -159.1, -159.6, -160.9, -162.4, -161.7, -162.5, -164.2, -165.9, -166.5, -165.8, -164.0, 798.0, 797.7, 796.9, 796.1, 795.8, 796.3, 796.8, 797.6, 803.6, 800.1, 797.0, 795.0, 795.0, 796.3, 797.9, 796.4, 795.2, 795.4, 797.1, 800.0, 798.0, 797.7, 797.4, 797.2, 797.4, 797.7, 798.0, 798.2, 861.1, 860.8, 861.4, 862.6, 863.6, 863.8, 863.2, 862.3, 862.5, 860.8, 859.8, 859.9, 861.9, 865.0, 868.4, 865.9, 863.3, 861.4, 860.9, 861.7, 863.0, 863.5, 863.7, 863.6, 863.2, 862.8, 862.5, 862.6, -165.5, -106.8, 787.7, 0.281, -0.318, 0.012, 1.41, 0.20, 0.10, 0.70, 0.34, 0.00, 1.01, 2.57, 0.00, 0.26, 1.24, 1.30, 0.00, 0.00, 0.55, 0.10, 0.51, 1.0, 1.0, 0.0, 0.0, 0.0, 0.0, 1.0, 1.0, 0.0, 0.0, 1.0, 1.0, 0.0, 0.0, 1.0, 0.0, 1.0, 1.0
22, 0, 0.876, 0.98, 1, 0.299267, 0.369896, -0.879555, 0.247336, 0.423282, -0.871583, 0.303, 0.425, 412.1, 413.4, 417.7, 422.4, 424.7, 423.8, 419.1, 414.5, 406.9, 409.4, 413.2, 418.0, 423.2, 427.6, 430.9, 427.7, 423.1, 418.2, 413.5, 409.6, 417.0, 418.9, 420.6, 421.2, 420.2, 418.3, 416.6, 416.0, 483.5, 485.4, 489.8, 494.0, 495.6, 493.6, 489.3, 484.8, 478.9, 481.7, 485.5, 490.2, 494.5, 498.0, 500.3, 497.8, 494.3, 490.2, 485.8, 481.7, 487.6, 489.3, 491.1, 491.8, 491.2, 489.5, 487.8, 487.0, 195.6, 190.8, 188.6, 190.1, 194.6, 199.6, 201.7, 200.1, 196.1, 195.1, 194.3, 193.8, 194.0, 194.8, 195.7, 197.4, 198.3, 198.8, 198.8, 198.0, 197.0, 197.7, 196.7, 194.8, 193.0, 192.3, 193.3, 195.2, 194.0, 189.7, 187.9, 189.8, 194.2, 198.5, 200.3, 198.7, 194.8, 193.1, 192.1, 191.8, 192.5, 193.4, 194.9, 196.9, 198.0, 198.3, 197.8, 196.7, 195.7, 196.5, 195.8, 194.0, 192.3, 191.5, 192.2, 194.0, -210.5, -209.0, -204.8, -200.3, -198.2, -199.3, -203.9, -208.3, -216.7, -213.5, -209.1, -204.1, -199.4, -195.7, -193.0, -195.6, -199.6, -204.3, -209.0, -213.4, -206.0, -204.2, -202.4, -201.8, -202.7, -204.5, -206.2, -206.8, -157.2, -155.2, -150.9, -146.9, -145.4, -147.4, -151.7, -156.2, -162.2, -159.0, -154.9, -150.2, -146.2, -143.2, -141.4, -143.5, -146.6, -150.4, -154.9, -159.2, -153.4, -151.7, -150.0, -149.2, -149.8, -151.4, -153.2, -154.0, -151.8, -156.0, -157.9, -156.4, -152.3, -147.8, -146.1, -147.7, -152.4, -152.7, -152.8, -152.9, -152.6, -152.2, -151.7, -149.8, -148.9, -148.5, -148.8, -150.1, -150.5, -149.9, -150.7, -152.4, -154.0, -154.7, -153.9, -152.2, -166.8, -171.1, -172.9, -171.2, -166.9, -162.6, -160.8, -162.3, -166.3, -167.7, -168.5, -168.7, -168.3, -168.0, -167.0, -164.6, -163.0, -162.4, -162.9, -164.2, -165.3, -164.6, -165.4, -167.1, -168.8, -169.5, -168.8, -167.1, 808.0, 807.1, 805.9, 805.3, 805.5, 806.7, 807.6, 808.2, 813.7, 810.1, 806.8, 804.7, 804.7, 806.1, 807.8, 806.5, 805.5, 805.9, 807.6, 810.5, 808.2, 807.9, 807.4, 807.0, 807.0, 807.2, 807.7, 808.1, 879.1, 878.7, 879.1, 880.0, 880.8, 881.2, 880.8, 880.2, 880.9, 879.0, 877.7, 877.5, 879.2, 882.1, 885.3, 882.9, 880.5, 878.9, 878.7, 879.8, 880.8, 881.1, 881.3, 881.1, 880.8, 880.4, 880.3, 880.4, -166.2, -107.2, 789.3, 0.268, -0.308, 0.011, 1.45, 0.18, 0.08, 0.16, 0.36, 0.00, 0.98, 2.34, 0.00, 0.15, 1.27, 1.10, 0.00, 0.00, 0.47, 0.00, 0.76, 1.0, 1.0, 0.0, 0.0, 0.0, 0.0, 1.0, 1.0, 0.0, 0.0, 1.0, 1.0, 0.0, 0.0, 0.0, 0.0, 1.0, 1.0
23, 0, 0.918, 0.98, 1, 0.333246, 0.452174, -0.827337, 0.217463, 0.428079, -0.877188, 0.313, 0.477, 413.7, 415.4, 420.0, 424.8, 427.0, 425.5, 420.6, 415.8, 406.7, 410.3, 414.9, 420.2, 425.3, 429.2, 432.0, 429.3, 425.0, 420.0, 415.0, 410.4, 418.3, 420.3, 422.3, 423.0, 422.1, 420.1, 418.2, 417.4, 482.8, 484.6, 488.7, 492.7, 494.3, 492.4, 488.3, 484.0, 478.7, 481.5, 485.2, 489.4, 493.5, 496.8, 499.3, 496.8, 493.4, 489.5, 485.2, 481.4, 486.6, 488.4, 490.1, 490.9, 490.3, 488.5, 486.8, 486.0, 197.3, 192.6, 190.4, 192.0, 196.5, 201.4, 203.4, 201.8, 197.0, 196.3, 195.8, 195.3, 195.2, 195.4, 195.9, 198.1, 199.4, 200.1, 200.1, 199.1, 198.7, 199.4, 198.4, 196.4, 194.5, 193.9, 194.8, 196.8, 194.2, 190.1, 188.6, 190.5, 194.8, 198.8, 200.4, 198.8, 195.2, 193.9, 193.1, 193.0, 193.6, 194.7, 196.0, 196.8, 197.1, 197.0, 196.6, 196.3, 196.3, 197.1, 196.5, 194.7, 192.9, 192.1, 192.7, 194.5, -205.0, -203.1, -198.9, -194.8, -193.2, -194.9, -199.4, -203.5, -212.4, -208.4, -203.6, -198.6, -194.2, -191.3, -189.3, -191.4, -194.8, -199.2, -203.9, -208.5, -201.2, -199.5, -197.7, -196.9, -197.5, -199.3, -201.1, -201.9, -170.1, -168.3, -163.9, -159.6, -157.8, -159.7, -164.1, -168.8, -174.8, -171.5, -167.3, -162.7, -158.5, -155.3, -153.1, -155.3, -158.6, -162.6, -167.1, -171.5, -166.1, -164.2, -162.4, -161.6, -162.3, -164.2, -166.0, -166.8, -147.4, -151.4, -153.3, -152.1, -148.3, -144.1, -142.3, -143.6, -148.4, -148.4, -148.5, -148.8, -149.1, -149.4, -149.4, -147.1, -145.5, -144.7, -144.9, -146.1, -146.4, -145.9, -146.7, -148.4, -150.0, -150.6, -149.7, -148.0, -179.4, -183.9, -185.7, -183.6, -179.0, -174.4, -172.7, -174.4, -178.6, -179.7, -180.3, -180.5, -180.0, -179.4, -178.5, -177.0, -176.2, -176.0, -176.4, -177.1, -177.3, -176.4, -177.2, -179.1, -181.1, -182.0, -181.2, -179.3, 792.6, 791.3, 791.1, 791.9, 793.5, 795.1, 795.0, 794.1, 796.7, 793.6, 791.4, 790.4, 791.7, 794.0, 796.7, 794.9, 792.8, 792.1, 792.7, 794.4, 794.3, 794.7, 794.6, 794.0, 793.4, 793.0, 793.1, 793.7, 946.7, 947.4, 947.9, 948.1, 947.7, 947.0, 946.5, 946.6, 948.3, 946.7, 945.5, 945.4, 946.8, 949.2, 952.1, 949.1, 946.5, 944.9, 945.1, 946.5, 947.7, 947.8, 948.0, 948.3, 948.4, 948.4, 948.1, 947.9, -166.7, -108.1, 792.7, 0.256, -0.310, 0.009, 1.26, 0.44, 0.53, 0.05, 0.21, 0.00, 1.09, 2.39, 0.00, 0.00, 1.27, 1.11, 0.00, 0.00, 0.71, 0.33, 1.47, 1.0, 1.0, 1.0, 0.0, 0.0, 0.0, 1.0, 1.0, 0.0, 0.0, 1.0, 1.0, 0.0, 0.0, 1.0, 1.0, 1.0, 1.0
24, 0, 0.959, 0.98, 1, 0.324418, 0.485873, -0.811591, 0.126977, 0.445657, -0.886152, 0.260, 0.502, 413.9, 415.5, 420.2, 425.2, 427.7, 426.4, 421.4, 416.4, 407.0, 410.6, 415.1, 420.4, 425.6, 429.7, 432.9, 430.3, 426.1, 420.9, 415.8, 411.1, 418.8, 421.0, 423.0, 423.7, 422.6, 420.4, 418.4, 417.7, 481.5, 483.3, 487.8, 492.3, 494.2, 492.3, 487.8, 483.1, 478.5, 481.0, 484.5, 489.3, 494.4, 498.7, 502.2, 498.7, 494.4, 489.8, 485.1, 481.2, 486.1, 488.0, 490.0, 490.8, 490.0, 488.1, 486.1, 485.3, 196.1, 190.9, 188.5, 190.2, 195.1, 200.6, 202.7, 201.0, 198.0, 195.0, 192.6, 190.8, 190.6, 191.5, 193.2, 194.6, 195.1, 196.1, 197.1, 197.8, 198.1, 198.8, 197.8, 195.6, 193.4, 192.7, 193.7, 196.0, 193.6, 188.9, 187.2, 189.3, 194.1, 198.7, 200.5, 198.6, 194.2, 192.9, 192.2, 192.1, 192.8, 193.6, 194.9, 196.6, 197.6, 197.8, 197.2, 196.2, 195.7, 196.6, 195.8, 193.8, 191.8, 190.9, 191.6, 193.6, -201.2, -200.0, -196.0, -191.6, -189.3, -190.3, -194.5, -198.9, -208.3, -204.5, -200.1, -195.3, -191.0, -187.9, -185.5, -187.1, -190.3, -194.6, -199.2, -203.8, -197.2, -195.3, -193.5, -193.0, -194.0, -195.9, -197.6, -198.2, -148.0, -146.1, -141.6, -137.3, -135.7, -137.6, -142.0, -146.7, -151.2, -148.4, -144.7, -140.0, -135.3, -131.6, -128.8, -131.7, -135.5, -139.8, -144.3, -148.4, -143.7, -141.9, -139.9, -139.1, -139.8, -141.7, -143.6, -144.4, -145.9, -150.6, -152.9, -151.4, -147.0, -142.0, -140.0, -141.5, -144.8, -147.1, -149.0, -150.5, -150.9, -150.5, -149.4, -147.7, -146.6, -145.6, -144.8, -144.4, -144.3, -143.7, -144.7, -146.7, -148.6, -149.3, -148.3, -146.2, -155.4, -159.5, -160.9, -158.7, -154.3, -150.2, -148.9, -150.8, -155.2, -155.9, -156.2, -155.9, -155.4, -155.0, -154.3, -152.3, -151.2, -150.9, -151.6, -153.0, -153.5, -152.5, -153.1, -154.9, -156.8, -157.7, -157.1, -155.4, 778.8, 779.6, 780.3, 780.6, 780.2, 779.7, 778.7, 778.5, 782.1, 779.8, 778.5, 778.1, 779.4, 781.6, 783.9, 781.0, 778.2, 777.0, 777.5, 779.2, 779.9, 780.0, 780.4, 780.7, 780.8, 780.7, 780.4, 780.1, 817.1, 815.9, 814.6, 813.8, 814.0, 815.2, 816.5, 817.7, 819.1, 816.6, 814.2, 812.8, 813.2, 815.0, 817.4, 815.7, 814.3, 813.9, 814.9, 817.2, 817.1, 816.8, 816.2, 815.7, 815.6, 815.9, 816.5, 817.0, -165.3, -109.3, 787.7, 0.221, -0.310, -0.002, 1.29, 0.64, 0.43, 0.63, 0.07, 0.00, 0.76, 2.35, 0.00, 0.00, 1.27, 1.46, 0.00, 0.00, 0.44, 0.58, 1.67, 1.0, 1.0, 1.0, 0.0, 0.0, 0.0, 1.0, 1.0, 0.0, 0.0, 1.0, 1.0, 0.0, 0.0, 0.0, 1.0, 1.0, 1.0
25, 0, 1.001, 0.98, 1, 0.333049, 0.399310, -0.854184, 0.203840, 0.401725, -0.892785, 0.298, 0.430, 413.6, 415.2, 419.8, 424.7, 427.1, 426.0, 421.0, 416.1, 407.4, 410.8, 415.2, 420.4, 425.5, 429.6, 432.8, 430.0, 425.6, 420.5, 415.5, 411.0, 418.5, 420.7, 422.6, 423.3, 422.3, 420.1, 418.1, 417.5, 482.8, 484.7, 489.0, 493.3, 494.9, 493.0, 488.7, 484.2, 479.4, 481.7, 485.1, 489.6, 494.3, 498.4, 501.7, 498.4, 494.3, 489.9, 485.4, 481.8, 487.1, 489.0, 490.8, 491.6, 490.9, 489.1, 487.2, 486.4, 193.0, 188.0, 185.6, 187.1, 191.7, 197.0, 199.1, 197.6, 193.5, 192.5, 191.6, 190.8, 190.4, 190.4, 190.8, 193.2, 194.7, 195.7, 195.9, 195.3, 194.5, 195.1, 194.1, 191.9, 189.9, 189.3, 190.3, 192.5, 189.3, 184.9, 183.2, 185.3, 189.8, 194.3, 195.9, 194.2, 189.8, 188.7, 188.0, 188.0, 188.6, 189.5, 190.7, 192.1, 192.8, 192.9, 192.4, 191.5, 191.4, 192.3, 191.6, 189.7, 187.7, 186.8, 187.6, 189.5, -203.8, -202.2, -198.0, -193.6, -191.7, -193.0, -197.5, -201.9, -210.6, -206.7, -202.1, -197.2, -192.8, -189.6, -187.3, -189.4, -192.9, -197.3, -202.0, -206.6, -199.8, -197.9, -196.0, -195.3, -196.2, -198.1, -199.9, -200.6, -156.8, -154.8, -150.3, -145.9, -144.2, -146.2, -150.7, -155.4, -160.6, -157.8, -154.0, -149.3, -144.7, -140.9, -138.0, -141.0, -144.8, -149.1, -153.7, -157.8, -152.5, -150.6, -148.6, -147.8, -148.5, -150.4, -152.3, -153.2, -150.4, -154.7, -156.8, -155.5, -151.5, -147.1, -145.1, -146.4, -150.7, -151.0, -151.4, -151.9, -152.4, -152.8, -152.9, -150.4, -148.7, -147.7, -147.7, -148.6, -149.3, -148.7, -149.6, -151.5, -153.2, -153.8, -152.9, -151.0, -170.2, -174.5, -176.0, -173.8, -169.2, -164.9, -163.4, -165.4, -170.2, -170.9, -171.1, -170.8, -170.2, -169.7, -168.9, -167.1, -166.2, -166.0, -166.7, -168.1, -168.1, -167.2, -167.8, -169.7, -171.6, -172.6, -171.9, -170.1, 787.9, 787.0, 786.6, 786.9, 787.9, 789.2, 789.2, 788.9, 792.2, 789.0, 786.7, 785.6, 786.4, 788.5, 790.8, 789.0, 787.1, 786.6, 787.6, 789.6, 789.1, 789.3, 789.1, 788.7, 788.3, 788.2, 788.3, 788.7, 872.5, 871.9, 870.9, 870.1, 870.0, 870.7, 871.7, 872.8, 875.0, 872.6, 870.3, 868.9, 869.2, 870.8, 873.1, 871.2, 869.7, 869.3, 870.4, 872.8, 872.6, 872.3, 871.9, 871.6, 871.6, 872.0, 872.4, 872.7, -165.1, -112.9, 792.1, 0.183, -0.331, -0.031, 1.45, 0.96, 0.26, 0.60, 0.00, 0.00, 0.74, 2.05, 0.00, 0.00, 1.45, 1.35, 0.00, 0.00, 0.02, 0.70, 1.70, 1.0, 1.0, 0.0, 0.0, 0.0, 0.0, 1.0, 1.0, 0.0, 0.0, 1.0, 1.0, 0.0, 0.0, 0.0, 1.0, 1.0, 1.0
26, 0, 1.043, 0.98, 1, 0.322449, 0.343415, -0.882096, 0.290983, 0.324311, -0.900084, 0.332, 0.358, 414.9, 416.5, 421.3, 426.5, 429.1, 427.9, 422.7, 417.5, 409.5, 412.4, 416.5, 421.6, 427.1, 431.8, 435.3, 432.0, 427.3, 422.1, 417.1, 412.7, 420.2, 422.4, 424.5, 425.2, 424.1, 421.9, 419.8, 419.1, 486.2, 488.2, 492.3, 496.2, 497.6, 495.7, 491.5, 487.3, 481.6, 484.1, 487.7, 492.2, 496.6, 500.0, 502.2, 499.8, 496.4, 492.4, 488.1, 484.2, 490.1, 491.7, 493.3, 494.1, 493.6, 492.0, 490.3, 489.5, 188.1, 183.3, 181.2, 183.0, 187.8, 192.8, 194.7, 192.8, 187.6, 187.2, 187.0, 186.7, 186.7, 187.1, 187.9, 190.2, 191.7, 192.4, 191.9, 190.2, 189.7, 190.5, 189.6, 187.5, 185.4, 184.6, 185.5, 187.6, 184.5, 180.5, 179.0, 181.0, 185.2, 189.2, 190.7, 189.0, 185.6, 184.2, 183.4, 183.2, 184.0, 184.9, 186.4, 188.0, 188.7, 188.8, 188.2, 187.3, 186.4, 187.2, 186.6, 185.0, 183.2, 182.4, 183.0, 184.7, -192.3, -190.4, -186.0, -181.5, -179.7, -181.3, -186.1, -190.5, -198.2, -194.8, -190.5, -185.7, -181.1, -177.5, -175.0, -177.6, -181.4, -185.9, -190.5, -194.8, -188.0, -186.1, -184.1, -183.3, -184.1, -186.1, -188.0, -188.8, -162.0, -160.0, -155.7, -151.7, -150.3, -152.4, -156.7, -161.1, -167.3, -164.3, -160.3, -155.4, -151.1, -148.0, -146.1, -148.3, -151.5, -155.4, -159.9, -164.3, -158.2, -156.6, -154.8, -154.0, -154.6, -156.2, -158.0, -158.8, -146.9, -150.6, -152.1, -150.5, -146.8, -142.9, -141.5, -143.1, -148.3, -147.9, -147.5, -147.4, -147.4, -147.4, -147.1, -145.0, -143.6, -143.0, -143.7, -145.6, -145.7, -145.0, -145.6, -147.3, -148.9, -149.6, -148.9, -147.3, -184.9, -189.1, -190.7, -188.8, -184.5, -180.2, -178.6, -180.3, -184.2, -185.3, -185.8, -185.9, -185.5, -185.0, -184.1, -182.0, -180.7, -180.3, -180.9, -182.1, -183.2, -182.4, -183.1, -184.8, -186.6, -187.4, -186.7, -185.0, 747.7, 745.6, 744.1, 744.1, 745.6, 748.0, 749.1, 749.1, 752.3, 748.9, 745.8, 744.0, 744.3, 745.8, 748.0, 747.2, 746.3, 746.4, 747.9, 750.1, 748.5, 748.5, 747.8, 746.9, 746.3, 746.3, 747.0, 747.9, 921.9, 921.8, 922.1, 922.8, 923.4, 923.5, 923.2, 922.8, 924.1, 922.2, 920.7, 920.4, 922.0, 924.7, 928.0, 925.4, 923.0, 921.5, 921.4, 922.8, 923.4, 923.7, 923.8, 923.8, 923.5, 923.3, 923.1, 923.2, -162.5, -116.0, 792.2, 0.142, -0.340, -0.049, 1.21, 0.56, 0.10, 0.37, 0.00, 0.00, 0.20, 1.64, 0.00, 0.07, 1.46, 1.17, 0.00, 0.00, 0.00, 0.33, 1.49, 1.0, 1.0, 1.0, 0.0, 0.0, 0.0, 1.0, 0.0, 0.0, 0.0, 1.0, 1.0, 0.0, 0.0, 0.0, 1.0, 1.0, 1.0
27, 0, 1.084, 0.98, 1, 0.358314, 0.270248, -0.893631, 0.304643, 0.316642, -0.898293, 0.354, 0.317, 417.0, 418.7, 423.8, 429.2, 431.8, 430.5, 424.9, 419.5, 410.5, 413.9, 418.4, 423.9, 429.4, 434.5, 438.5, 435.3, 430.2, 424.7, 419.1, 414.3, 422.3, 424.8, 427.0, 427.8, 426.7, 424.2, 421.9, 421.2, 488.3, 490.2, 494.4, 498.4, 499.8, 497.9, 493.7, 489.4, 483.7, 486.3, 489.9, 494.4, 498.8, 502.2, 504.5, 502.0, 498.6, 494.7, 490.3, 486.4, 492.2, 493.8, 495.5, 496.3, 495.7, 494.1, 492.4, 491.6, 186.3, 180.9, 178.2, 179.8, 184.8, 190.6, 192.9, 191.2, 189.8, 187.4, 185.2, 183.8, 183.8, 184.8, 186.0, 188.5, 189.6, 190.7, 191.3, 191.2, 188.4, 189.1, 187.9, 185.5, 183.2, 182.5, 183.7, 186.2, 182.3, 178.2, 176.7, 178.5, 182.7, 186.8, 188.4, 186.7, 183.3, 181.8, 180.9, 180.8, 181.4, 182.1, 183.4, 185.1, 186.1, 186.4, 186.0, 185.0, 184.0, 184.7, 184.1, 182.4, 180.7, 180.0, 180.6, 182.3, -176.6, -175.5, -171.5, -167.0, -164.6, -165.5, -169.7, -174.2, -183.0, -179.5, -175.3, -170.7, -166.3, -162.6, -159.8, -161.9, -165.5, -169.8, -174.4, -179.0, -172.3, -170.3, -168.5, -168.0, -169.1, -171.1, -172.9, -173.4, -158.5, -156.3, -152.0, -148.0, -146.6, -148.7, -153.1, -157.5, -163.6, -160.6, -156.6, -151.7, -147.4, -144.3, -142.4, -144.7, -147.9, -151.8, -156.3, -160.6, -154.6, -153.0, -151.2, -150.4, -150.9, -152.5, -154.3, -155.2, -137.6, -142.0, -144.2, -142.7, -138.5, -133.8, -131.9, -133.4, -135.7, -137.0, -138.3, -139.2, -139.2, -138.7, -138.0, -135.6, -134.4, -133.5, -133.2, -133.8, -135.8, -135.2, -136.2, -138.2, -140.1, -140.7, -139.8, -137.7, -185.6, -189.7, -191.4, -189.6, -185.5, -181.3, -179.7, -181.3, -185.0, -186.1, -186.7, -186.8, -186.5, -186.3, -185.6, -183.4, -181.9, -181.3, -181.8, -183.0, -184.2, -183.5, -184.1, -185.8, -187.5, -188.2, -187.5, -185.9, 692.9, 693.9, 694.0, 693.1, 691.8, 690.9, 690.7, 691.5, 697.5, 694.5, 692.3, 690.9, 691.1, 692.4, 694.1, 691.9, 690.1, 689.8, 691.1, 693.8, 692.8, 692.4, 692.4, 692.9, 693.5, 693.9, 693.8, 693.4, 913.9, 913.2, 913.3, 914.2, 915.3, 916.0, 915.9, 915.3, 916.1, 914.0, 912.4, 912.0, 913.6, 916.5, 919.8, 917.6, 915.3, 913.9, 913.8, 915.0, 915.6, 916.0, 916.0, 915.7, 915.3, 914.9, 914.8, 915.1, -159.0, -116.6, 786.6, 0.138, -0.362, -0.061, 1.01, 0.74, 0.00, 0.65, 0.00, 0.00, 0.19, 1.11, 0.00, 0.00, 1.17, 1.29, 0.00, 0.00, 0.00, 0.52, 1.43, 1.0, 1.0, 0.0, 0.0, 0.0, 0.0, 1.0, 0.0, 0.0, 0.0, 1.0, 1.0, 0.0, 0.0, 0.0, 1.0, 1.0, 1.0
28, 0, 1.126, 0.88, 1, 0.364215, 0.261386, -0.893882, 0.305584, 0.313758, -0.898985, 0.358, 0.310, 418.6, 420.3, 425.5, 431.0, 433.6, 432.3, 426.7, 421.2, 411.8, 415.3, 420.0, 425.7, 431.5, 436.5, 440.4, 437.2, 432.1, 426.5, 420.8, 415.7, 424.1, 426.4, 428.7, 429.4, 428.3, 425.9, 423.7, 422.9, 490.1, 492.1, 496.2, 500.1, 501.5, 499.5, 495.4, 491.1, 485.6, 488.2, 491.8, 496.4, 500.8, 504.1, 506.1, 503.8, 500.4, 496.6, 492.3, 488.4, 494.0, 495.5, 497.2, 497.9, 497.4, 495.8, 494.2, 493.4, 185.9, 180.5, 177.9, 179.5, 184.4, 190.2, 192.4, 190.8, 190.0, 187.0, 184.5, 182.9, 183.2, 184.8, 186.8, 189.0, 189.8, 190.7, 191.3, 191.3, 188.0, 188.7, 187.5, 185.2, 183.1, 182.4, 183.5, 185.8, 181.3, 177.3, 175.8, 177.7, 181.9, 185.9, 187.4, 185.7, 182.5, 180.9, 179.9, 179.6, 180.3, 181.2, 182.8, 184.6, 185.6, 185.9, 185.4, 184.4, 183.0, 183.8, 183.2, 181.6, 179.9, 179.2, 179.8, 181.4, -171.7, -170.6, -166.7, -162.2, -159.8, -160.6, -164.8, -169.2, -178.0, -174.6, -170.4, -165.8, -161.4, -157.8, -155.2, -157.1, -160.6, -164.8, -169.4, -174.0, -167.4, -165.5, -163.8, -163.3, -164.4, -166.3, -168.0, -168.4, -156.3, -154.2, -149.9, -146.0, -144.7, -146.8, -151.1, -155.4, -161.3, -158.3, -154.3, -149.5, -145.2, -142.2, -140.6, -142.7, -145.8, -149.6, -154.0, -158.3, -152.6, -151.0, -149.3, -148.5, -149.0, -150.5, -152.2, -153.1, -135.0, -139.4, -141.5, -140.1, -136.0, -131.3, -129.5, -130.9, -132.6, -134.4, -136.0, -137.0, -136.8, -135.8, -134.6, -132.5, -131.4, -130.6, -130.4, -130.9, -133.3, -132.7, -133.7, -135.6, -137.3, -138.0, -137.0, -135.1, -186.3, -190.5, -192.1, -190.3, -186.1, -182.0, -180.3, -182.0, -185.4, -186.8, -187.5, -187.7, -187.4, -187.0, -186.1, -183.7, -182.2, -181.6, -182.0, -183.3, -184.9, -184.2, -184.8, -186.4, -188.1, -188.8, -188.2, -186.5, 678.3, 679.6, 680.0, 679.3, 677.8, 676.5, 676.0, 676.8, 682.4, 679.9, 677.9, 676.8, 677.2, 678.5, 680.1, 677.8, 675.9, 675.3, 676.4, 678.9, 678.2, 677.9, 678.1, 678.7, 679.3, 679.7, 679.5, 678.9, 912.4, 912.0, 912.3, 913.1, 914.1, 914.6, 914.3, 913.7, 914.4, 912.4, 910.9, 910.7, 912.5, 915.5, 918.9, 916.5, 914.1, 912.5, 912.3, 913.3, 914.1, 914.5, 914.6, 914.4, 914.0, 913.7, 913.6, 913.7, -157.0, -116.4, 786.4, 0.164, -0.367, -0.071, 0.81, 0.65, 0.00, 0.86, 0.00, 0.00, 0.14, 1.13, 0.00, 0.15, 0.81, 0.67, 0.00, 0.00, 0.48, 0.68, 1.23, 1.0, 1.0, 0.0, 0.0, 0.0, 0.0, 0.0, 0.0, 0.0, 0.0, 1.0, 0.0, 0.0, 0.0, 1.0, 1.0, 1.0, 1.0
29, 0, 1.168, 0.98, 1, 0.355739, 0.217197, -0.908997, 0.304253, 0.327448, -0.894544, 0.351, 0.293, 420.0, 421.5, 426.2, 431.4, 434.0, 432.9, 427.8, 422.6, 413.1, 416.4, 421.3, 427.0, 432.5, 437.0, 440.2, 437.5, 433.1, 428.0, 422.5, 417.2, 425.2, 427.3, 429.2, 429.8, 428.8, 426.6, 424.7, 424.1, 491.0, 492.9, 497.1, 501.0, 502.4, 500.4, 496.3, 492.0, 486.5, 489.2, 492.9, 497.5, 501.8, 505.0, 506.9, 504.7, 501.4, 497.7, 493.4, 489.3, 494.8, 496.4, 498.0, 498.8, 498.3, 496.7, 495.0, 494.2, 185.0, 179.9, 177.5, 179.1, 183.7, 189.2, 191.2, 189.7, 189.8, 186.5, 183.7, 182.0, 182.6, 184.7, 187.4, 189.3, 190.1, 190.9, 191.4, 191.3, 186.9, 187.5, 186.5, 184.5, 182.5, 181.9, 182.9, 185.0, 181.3, 177.1, 175.6, 177.5, 181.8, 186.0, 187.5, 185.8, 182.5, 180.6, 179.4, 179.2, 180.0, 181.1, 183.0, 184.9, 186.0, 186.3, 185.7, 184.5, 183.1, 183.9, 183.2, 181.6, 179.9, 179.1, 179.7, 181.4, -177.4, -176.6, -173.0, -168.7, -166.3, -166.9, -170.8, -175.0, -183.9, -180.6, -176.3, -171.5, -167.4, -164.2, -162.0, -163.6, -166.7, -170.5, -175.0, -179.7, -173.4, -171.7, -170.2, -169.8, -170.8, -172.5, -174.0, -174.4, -152.7, -150.7, -146.5, -142.6, -141.4, -143.4, -147.6, -151.8, -157.5, -154.5, -150.5, -145.8, -141.7, -138.9, -137.4, -139.4, -142.3, -145.9, -150.2, -154.5, -149.1, -147.5, -145.9, -145.0, -145.6, -147.1, -148.8, -149.6, -141.1, -145.5, -147.7, -146.3, -142.3, -137.7, -135.8, -137.2, -137.9, -140.2, -142.1, -143.4, -143.1, -141.8, -139.9, -137.9, -136.8, -136.0, -135.7, -136.2, -139.7, -139.2, -140.1, -141.9, -143.5, -144.0, -143.2, -141.4, -183.1, -187.3, -189.0, -187.2, -183.0, -178.8, -177.1, -178.7, -182.2, -183.8, -184.7, -185.0, -184.6, -184.1, -182.8, -180.3, -178.7, -178.0, -178.5, -179.9, -181.6, -180.9, -181.6, -183.3, -185.0, -185.7, -185.0, -183.3, 705.7, 707.1, 707.9, 707.7, 706.6, 705.4, 704.3, 704.5, 709.0, 706.9, 705.3, 704.7, 705.8, 707.6, 709.4, 707.0, 704.7, 703.7, 704.1, 706.0, 706.2, 706.1, 706.5, 707.1, 707.5, 707.6, 707.3, 706.7, 896.5, 896.4, 897.0, 898.0, 898.8, 898.9, 898.3, 897.6, 898.0, 896.3, 895.1, 895.2, 897.2, 900.3, 903.7, 901.2, 898.6, 896.8, 896.2, 897.1, 898.3, 898.7, 899.0, 898.9, 898.6, 898.2, 897.9, 898.0, -156.0, -116.0, 786.9, 0.188, -0.371, -0.071, 1.25, 0.81, 0.00, 1.20, 0.00, 0.00, 0.34, 0.88, 0.00, 0.00, 0.40, 0.46, 0.00, 0.00, 1.04, 0.76, 1.19, 1.0, 1.0, 0.0, 1.0, 0.0, 0.0, 1.0, 0.0, 0.0, 0.0, 1.0, 0.0, 0.0, 0.0, 1.0, 1.0, 1.0, 1.0
30, 0, 1.210, 0.98, 1, 0.354291, 0.215264, -0.910022, 0.305842, 0.334673, -0.891322, 0.351, 0.296, 420.7, 422.2, 427.0, 432.2, 434.9, 433.8, 428.6, 423.4, 414.1, 417.3, 422.1, 427.7, 433.2, 437.8, 441.2, 438.4, 433.9, 428.8, 423.3, 418.1, 426.0, 428.1, 430.1, 430.7, 429.6, 427.4, 425.5, 424.9, 491.8, 493.6, 497.8, 501.7, 503.1, 501.2, 497.1, 492.8, 487.2, 490.0, 493.7, 498.3, 502.6, 505.7, 507.6, 505.4, 502.2, 498.5, 494.2, 490.1, 495.6, 497.1, 498.8, 499.5, 499.0, 497.4, 495.7, 495.0, 185.3, 180.2, 177.7, 179.2, 183.8, 189.3, 191.4, 189.9, 190.1, 186.8, 184.0, 182.4, 182.9, 184.9, 187.6, 189.5, 190.3, 191.1, 191.7, 191.5, 187.1, 187.7, 186.7, 184.6, 182.7, 182.1, 183.1, 185.2, 181.4, 177.3, 175.7, 177.6, 181.8, 186.0, 187.6, 186.0, 182.8, 180.8, 179.6, 179.2, 180.0, 181.0, 182.9, 184.9, 186.0, 186.4, 185.9, 184.8, 183.2, 183.9, 183.3, 181.6, 179.9, 179.2, 179.8, 181.5, -176.9, -176.0, -172.4, -168.1, -165.6, -166.2, -170.1, -174.4, -183.1, -179.9, -175.6, -171.0, -166.7, -163.4, -161.1, -162.8, -165.9, -169.8, -174.4, -179.1, -172.7, -171.0, -169.5, -169.1, -170.1, -171.9, -173.4, -173.7, -151.4, -149.4, -145.3, -141.5, -140.2, -142.2, -146.3, -150.5, -156.2, -153.2, -149.2, -144.5, -140.4, -137.8, -136.4, -138.2, -141.1, -144.6, -148.9, -153.2, -147.8, -146.3, -144.6, -143.9, -144.4, -145.9, -147.5, -148.3, -140.9, -145.3, -147.5, -146.2, -142.2, -137.6, -135.7, -136.9, -137.7, -139.9, -141.8, -143.1, -142.8, -141.5, -139.7, -137.7, -136.6, -135.8, -135.5, -135.9, -139.6, -139.0, -139.9, -141.7, -143.3, -143.9, -143.0, -141.2, -182.3, -186.5, -188.3, -186.6, -182.5, -178.2, -176.5, -178.0, -181.3, -182.9, -183.9, -184.3, -184.0, -183.6, -182.4, -179.8, -178.1, -177.4, -177.8, -179.1, -180.9, -180.3, -181.0, -182.7, -184.3, -185.0, -184.3, -182.6, 705.8, 707.2, 708.0, 707.6, 706.4, 705.1, 704.2, 704.5, 709.1, 707.0, 705.3, 704.7, 705.6, 707.2, 709.0, 706.6, 704.4, 703.5, 704.1, 706.1, 706.2, 706.0, 706.3, 706.9, 707.5, 707.6, 707.3, 706.7, 893.5, 893.3, 894.0, 895.1, 896.0, 896.1, 895.5, 894.6, 894.9, 893.2, 892.1, 892.3, 894.4, 897.6, 901.1, 898.5, 895.9, 894.0, 893.4, 894.1, 895.4, 895.8, 896.1, 896.0, 895.7, 895.2, 895.0, 895.0, -154.8, -115.5, 785.1, 0.202, -0.374, -0.071, 1.05, 0.76, 0.00, 1.17, 0.00, 0.00, 0.09, 1.15, 0.00, 0.00, 0.55, 0.73, 0.00, 0.00, 0.99, 0.95, 1.07, 1.0, 1.0, 0.0, 1.0, 0.0, 0.0, 1.0, 0.0, 0.0, 0.0, 1.0, 0.0, 0.0, 0.0, 1.0, 1.0, 1.0, 1.0
31, 0, 1.251, 0.98, 1, 0.352525, 0.239178, -0.904721, 0.283121, 0.336649, -0.898059, 0.339, 0.309, 421.3, 422.9, 427.8, 433.3, 436.0, 434.8, 429.4, 424.0, 414.5, 418.0, 422.9, 428.5, 434.0, 438.8, 442.3, 439.5, 434.9, 429.7, 424.1, 418.8, 426.7, 428.9, 431.0, 431.7, 430.5, 428.3, 426.2, 425.5, 492.4, 494.2, 498.3, 502.2, 503.7, 501.8, 497.7, 493.5, 488.2, 491.0, 494.8, 499.4, 503.5, 506.5, 508.2, 506.2, 503.2, 499.6, 495.3, 491.1, 496.1, 497.7, 499.4, 500.1, 499.5, 497.9, 496.3, 495.5, 186.0, 180.8, 178.3, 179.9, 184.7, 190.3, 192.4, 190.8, 190.7, 187.3, 184.4, 182.7, 183.2, 185.4, 188.2, 190.1, 190.8, 191.6, 192.1, 192.1, 188.0, 188.7, 187.7, 185.5, 183.5, 182.8, 183.9, 186.0, 181.9, 177.7, 176.1, 178.0, 182.2, 186.4, 188.1, 186.5, 183.2, 181.2, 180.0, 179.6, 180.4, 181.5, 183.5, 185.5, 186.6, 187.0, 186.4, 185.3, 183.7, 184.5, 183.8, 182.1, 180.4, 179.6, 180.3, 182.0, -172.4, -171.6, -167.9, -163.5, -161.0, -161.6, -165.6, -169.9, -178.5, -175.3, -171.1, -166.5, -162.4, -159.0, -156.6, -158.2, -161.3, -165.2, -169.7, -174.4, -168.3, -166.4, -164.9, -164.5, -165.6, -167.4, -168.9, -169.3, -150.0, -148.1, -144.1, -140.3, -138.9, -140.8, -144.8, -149.0, -154.3, -151.2, -147.3, -142.7, -138.9, -136.4, -135.1, -136.8, -139.4, -142.7, -146.9, -151.2, -146.5, -144.9, -143.3, -142.5, -143.1, -144.6, -146.3, -147.0, -137.2, -141.6, -143.7, -142.4, -138.3, -133.6, -131.8, -133.1, -134.0, -136.4, -138.3, -139.6, -139.4, -138.0, -136.0, -134.1, -133.1, -132.3, -132.0, -132.4, -135.6, -135.1, -136.0, -137.8, -139.5, -140.1, -139.2, -137.3, -180.9, -185.2, -187.0, -185.4, -181.1, -176.9, -175.0, -176.5, -179.8, -181.5, -182.6, -183.1, -182.8, -182.3, -181.0, -178.4, -176.7, -175.9, -176.3, -177.5, -179.5, -178.8, -179.5, -181.3, -183.0, -183.7, -182.9, -181.2, 689.8, 691.4, 692.3, 691.9, 690.5, 689.0, 688.0, 688.4, 692.8, 690.9, 689.4, 688.9, 689.8, 691.4, 693.0, 690.6, 688.3, 687.3, 687.8, 689.8, 690.2, 690.0, 690.4, 691.0, 691.6, 691.8, 691.4, 690.8, 888.9, 889.0, 889.8, 890.9, 891.7, 891.6, 890.7, 889.8, 889.7, 888.3, 887.5, 888.0, 890.4, 893.6, 897.2, 894.3, 891.5, 889.3, 888.4, 889.0, 890.8, 891.2, 891.6, 891.6, 891.3, 890.9, 890.5, 890.5, -153.9, -114.9, 784.6, 0.209, -0.375, -0.071, 0.82, 0.57, 0.00, 1.05, 0.00, 0.00, 0.19, 0.89, 0.00, 0.00, 0.50, 0.55, 0.00, 0.00, 0.92, 0.75, 1.01, 1.0, 1.0, 0.0, 1.0, 0.0, 0.0, 1.0, 0.0, 0.0, 0.0, 1.0, 0.0, 0.0, 0.0, 1.0, 1.0, 1.0, 1.0
32, 0, 1.293, 0.98, 1, 0.334926, 0.277181, -0.900553, 0.279210, 0.341691, -0.897379, 0.329, 0.332, 421.6, 423.1, 428.1, 433.5, 436.2, 435.1, 429.7, 424.3, 414.9, 418.3, 422.9, 428.6, 434.2, 439.2, 443.1, 440.2, 435.4, 430.2, 424.5, 419.3, 426.9, 429.3, 431.4, 432.1, 430.9, 428.6, 426.4, 425.8, 493.0, 494.9, 499.0, 503.0, 504.4, 502.5, 498.4, 494.1, 488.7, 491.5, 495.2, 499.9, 504.2, 507.2, 509.0, 506.9, 503.8, 500.1, 495.8, 491.6, 496.8, 498.4, 500.1, 500.8, 500.3, 498.7, 497.0, 496.2, 186.7, 181.2, 178.4, 180.0, 185.1, 190.9, 193.3, 191.7, 190.7, 187.7, 185.0, 183.1, 183.2, 184.6, 186.6, 189.3, 190.7, 192.0, 192.7, 192.5, 188.6, 189.3, 188.1, 185.7, 183.5, 182.8, 184.0, 186.4, 182.4, 178.2, 176.6, 178.5, 182.8, 187.0, 188.6, 186.9, 183.7, 181.7, 180.5, 180.1, 180.9, 182.1, 184.1, 186.1, 187.2, 187.5, 186.9, 185.8, 184.2, 185.0, 184.3, 182.6, 180.9, 180.1, 180.8, 182.4, -171.0, -170.0, -166.1, -161.8, -159.5, -160.3, -164.4, -168.7, -177.4, -174.0, -169.8, -165.1, -160.9, -157.4, -154.8, -156.5, -159.8, -163.8, -168.4, -173.1, -166.9, -165.0, -163.4, -162.9, -163.9, -165.8, -167.5, -167.9, -148.6, -146.7, -142.7, -138.8, -137.5, -139.4, -143.4, -147.6, -153.1, -150.1, -146.1, -141.5, -137.5, -134.9, -133.6, -135.4, -138.1, -141.5, -145.7, -150.1, -145.0, -143.5, -141.9, -141.1, -141.7, -143.2, -144.8, -145.6, -135.7, -140.1, -142.3, -141.0, -136.9, -132.3, -130.3, -131.7, -133.4, -135.2, -136.9, -138.1, -138.2, -137.5, -136.3, -133.8, -132.3, -131.1, -130.8, -131.4, -134.3, -133.7, -134.7, -136.6, -138.4, -138.9, -138.0, -136.1, -179.6, -183.9, -185.7, -183.9, -179.7, -175.4, -173.7, -175.2, -178.5, -180.2, -181.3, -181.7, -181.3, -180.8, -179.5, -176.8, -175.2, -174.5, -174.9, -176.2, -178.1, -177.4, -178.2, -179.9, -181.6, -182.3, -181.6, -179.8, 685.2, 685.8, 685.9, 685.5, 684.9, 684.5, 684.1, 684.5, 689.5, 686.7, 684.5, 683.4, 684.0, 685.8, 687.8, 685.7, 683.7, 683.1, 684.0, 686.3, 685.6, 685.4, 685.5, 685.7, 686.0, 686.2, 686.1, 685.9, 884.7, 884.7, 885.5, 886.5, 887.2, 887.1, 886.4, 885.6, 885.8, 884.3, 883.3, 883.7, 885.9, 889.0, 892.5, 889.8, 887.0, 885.0, 884.3, 885.0, 886.5, 886.9, 887.2, 887.2, 887.0, 886.6, 886.3, 886.2, -153.3, -114.3, 783.1, 0.215, -0.361, -0.066, 1.06, 0.68, 0.00, 0.79, 0.00, 0.00, 0.08, 1.06, 0.00, 0.00, 0.39, 0.49, 0.00, 0.00, 0.84, 0.56, 0.93, 1.0, 1.0, 0.0, 1.0, 0.0, 0.0, 1.0, 0.0, 0.0, 0.0, 1.0, 0.0, 0.0, 0.0, 1.0, 1.0, 1.0, 1.0
33, 0, 1.335, 0.93, 1, 0.398783, 0.229962, -0.887744, 0.271325, 0.344734, -0.898633, 0.359, 0.311, 422.3, 423.4, 427.4, 432.0, 434.6, 433.7, 429.5, 424.9, 414.0, 417.9, 423.0, 428.6, 433.2, 436.1, 437.9, 436.2, 433.2, 429.0, 423.9, 418.6, 426.4, 428.5, 430.2, 430.7, 429.6, 427.5, 425.8, 425.3, 492.9, 494.8, 499.0, 503.0, 504.5, 502.6, 498.4, 494.0, 488.4, 491.3, 495.0, 499.8, 504.1, 507.1, 509.0, 506.8, 503.7, 500.0, 495.6, 491.4, 496.8, 498.4, 500.1, 500.8, 500.2, 498.6, 496.9, 496.2, 186.2, 180.8, 178.1, 179.6, 184.4, 190.1, 192.5, 191.0, 190.3, 187.2, 184.8, 183.0, 183.1, 184.8, 187.6, 189.7, 191.0, 192.0, 192.4, 192.0, 187.9, 188.5, 187.3, 185.0, 182.9, 182.2, 183.4, 185.8, 182.6, 178.3, 176.7, 178.6, 183.0, 187.3, 188.9, 187.2, 183.9, 181.9, 180.7, 180.3, 181.1, 182.3, 184.3, 186.3, 187.4, 187.8, 187.2, 186.0, 184.4, 185.2, 184.6, 182.8, 181.1, 180.3, 180.9, 182.7, -177.9, -177.3, -174.5, -171.2, -169.3, -169.9, -172.7, -176.1, -185.1, -181.6, -177.3, -173.0, -169.9, -168.2, -167.4, -168.3, -170.0, -172.9, -176.8, -181.1, -175.3, -173.8, -172.6, -172.3, -173.1, -174.6, -175.8, -176.1, -146.8, -144.9, -140.9, -137.1, -135.7, -137.6, -141.6, -145.9, -151.5, -148.4, -144.5, -139.8, -135.9, -133.3, -132.0, -133.7, -136.4, -139.8, -144.1, -148.4, -143.3, -141.7, -140.1, -139.3, -139.9, -141.4, -143.1, -143.8, -142.1, -146.6, -149.3, -148.5, -144.7, -139.9, -137.5, -138.3, -138.9, -141.2, -143.2, -144.8, -145.3, -144.5, -142.8, -140.6, -138.9, -137.6, -137.1, -137.5, -141.2, -140.9, -142.0, -144.0, -145.7, -146.1, -144.9, -142.9, -177.1, -181.4, -183.2, -181.5, -177.2, -172.9, -171.1, -172.6, -176.0, -177.7, -178.7, -179.2, -178.8, -178.3, -177.0, -174.4, -172.7, -172.0, -172.4, -173.7, -175.6, -174.9, -175.7, -177.4, -179.1, -179.8, -179.1, -177.3, 715.3, 716.2, 718.2, 720.1, 721.0, 720.5, 718.1, 716.1, 716.6, 715.3, 714.9, 716.0, 718.8, 722.0, 724.9, 722.3, 719.2, 716.8, 715.7, 715.8, 718.0, 718.8, 719.7, 720.1, 719.7, 718.9, 718.0, 717.6, 873.4, 873.5, 874.4, 875.5, 876.1, 876.0, 875.2, 874.3, 874.5, 873.0, 872.1, 872.5, 874.7, 877.9, 881.4, 878.6, 875.8, 873.8, 873.0, 873.7, 875.3, 875.7, 876.1, 876.1, 875.8, 875.4, 875.1, 875.0, -155.9, -115.3, 790.4, 0.209, -0.340, -0.063, 1.13, 0.69, 0.00, 0.64, 0.00, 0.00, 0.19, 0.95, 0.00, 0.00, 0.74, 0.81, 0.00, 0.00, 0.95, 1.04, 1.10, 1.0, 1.0, 0.0, 0.0, 0.0, 0.0, 1.0, 0.0, 0.0, 0.0, 1.0, 1.0, 0.0, 0.0, 1.0, 1.0, 1.0, 1.0
34, 0, 1.376, 0.93, 1, 0.397074, 0.214630, -0.892337, 0.273196, 0.338757, -0.900338, 0.358, 0.299, 421.7, 422.7, 426.7, 431.4, 434.0, 433.3, 429.0, 424.3, 413.7, 417.1, 422.0, 427.6, 432.6, 435.9, 438.1, 435.9, 432.4, 427.9, 422.9, 417.9, 426.0, 428.0, 429.8, 430.2, 429.1, 427.1, 425.3, 424.9, 492.9, 494.9, 499.1, 503.1, 504.5, 502.6, 498.4, 494.0, 488.4, 491.2, 495.0, 499.7, 504.0, 507.1, 509.1, 506.8, 503.6, 499.8, 495.5, 491.3, 496.8, 498.4, 500.1, 500.9, 500.3, 498.7, 497.0, 496.2, 185.0, 180.3, 178.0, 179.6, 184.1, 189.2, 191.0, 189.5, 189.9, 186.6, 184.0, 182.4, 183.1, 185.3, 188.2, 189.4, 189.8, 190.4, 190.8, 190.9, 187.0, 187.6, 186.7, 184.7, 182.7, 182.1, 183.0, 185.0, 182.8, 178.6, 176.9, 178.9, 183.3, 187.6, 189.2, 187.5, 184.1, 182.1, 180.9, 180.6, 181.4, 182.6, 184.6, 186.7, 187.8, 188.2, 187.5, 186.3, 184.7, 185.5, 184.8, 183.1, 181.3, 180.5, 181.2, 182.9, -187.4, -187.0, -184.0, -180.2, -177.8, -178.1, -181.3, -185.1, -194.8, -191.5, -187.1, -182.4, -178.7, -176.4, -175.0, -176.2, -178.6, -182.0, -186.2, -190.7, -184.1, -182.5, -181.2, -181.0, -182.0, -183.6, -184.9, -185.1, -146.6, -144.7, -140.6, -136.8, -135.5, -137.4, -141.5, -145.7, -151.4, -148.3, -144.4, -139.7, -135.7, -133.1, -131.7, -133.6, -136.4, -139.9, -144.1, -148.4, -143.1, -141.6, -139.9, -139.1, -139.6, -141.2, -142.9, -143.7, -150.2, -154.6, -156.9, -155.8, -151.9, -147.2, -145.2, -146.3, -146.4, -148.9, -151.0, -152.5, -152.4, -151.0, -148.9, -147.3, -146.4, -145.5, -145.1, -145.2, -148.9, -148.4, -149.4, -151.3, -153.0, -153.5, -152.5, -150.6, -176.7, -180.9, -182.7, -181.0, -176.7, -172.5, -170.7, -172.2, -175.7, -177.3, -178.3, -178.7, -178.3, -177.8, -176.5, -173.8, -172.1, -171.4, -171.9, -173.3, -175.2, -174.5, -175.2, -176.9, -178.6, -179.4, -178.6, -176.9, 751.2, 752.8, 754.7, 755.7, 755.3, 753.9, 751.8, 750.8, 753.1, 751.6, 750.9, 751.4, 753.6, 756.1, 758.2, 755.5, 752.7, 750.9, 750.4, 751.3, 752.9, 753.3, 754.1, 754.8, 755.0, 754.6, 753.8, 753.1, 872.5, 872.5, 873.3, 874.4, 875.1, 875.1, 874.3, 873.5, 873.7, 872.2, 871.2, 871.5, 873.6, 876.7, 880.2, 877.5, 874.8, 872.9, 872.2, 872.9, 874.4, 874.8, 875.1, 875.2, 874.9, 874.4, 874.1, 874.1, -155.5, -114.4, 783.9, 0.201, -0.343, -0.043, 1.11, 0.79, 0.08, 0.75, 0.00, 0.00, 0.67, 1.53, 0.00, 0.00, 1.00, 1.31, 0.00, 0.00, 0.52, 1.16, 1.03, 1.0, 1.0, 1.0, 0.0, 0.0, 0.0, 1.0, 0.0, 0.0, 0.0, 1.0, 1.0, 0.0, 0.0, 1.0, 1.0, 1.0, 1.0
35, 0, 1.418, 0.98, 1, 0.384626, 0.211074, -0.898616, 0.272468, 0.329319, -0.904052, 0.350, 0.291, 421.7, 422.9, 427.1, 432.0, 434.6, 433.7, 429.1, 424.3, 414.2, 417.5, 422.3, 427.9, 433.0, 436.7, 439.2, 436.7, 432.9, 428.2, 423.2, 418.3, 426.3, 428.4, 430.2, 430.7, 429.6, 427.5, 425.7, 425.2, 493.1, 495.1, 499.2, 503.2, 504.7, 502.7, 498.5, 494.2, 488.6, 491.4, 495.2, 499.9, 504.2, 507.3, 509.2, 507.0, 503.8, 500.0, 495.7, 491.5, 497.0, 498.6, 500.3, 501.1, 500.5, 498.9, 497.2, 496.4, 185.1, 180.5, 178.4, 180.0, 184.4, 189.4, 191.1, 189.5, 190.2, 186.9, 184.2, 182.6, 183.4, 185.8, 188.8, 189.8, 190.0, 190.5, 190.9, 191.0, 187.2, 187.9, 187.0, 185.0, 183.1, 182.4, 183.3, 185.3, 183.2, 178.9, 177.3, 179.2, 183.6, 187.8, 189.5, 187.8, 184.4, 182.4, 181.3, 180.9, 181.7, 182.9, 184.8, 186.9, 188.1, 188.4, 187.8, 186.6, 185.0, 185.8, 185.1, 183.4, 181.6, 180.9, 181.5, 183.2, -186.9, -186.4, -183.1, -179.0, -176.5, -176.9, -180.4, -184.4, -193.8, -190.6, -186.3, -181.6, -177.5, -174.9, -173.1, -174.6, -177.3, -181.0, -185.3, -189.8, -183.2, -181.5, -180.1, -179.9, -180.9, -182.7, -184.1, -184.3, -146.7, -144.8, -140.7, -136.9, -135.6, -137.5, -141.6, -145.8, -151.5, -148.4, -144.4, -139.8, -135.8, -133.2, -131.8, -133.6, -136.4, -139.9, -144.1, -148.4, -143.2, -141.7, -140.0, -139.2, -139.8, -141.3, -142.9, -143.7, -149.7, -154.0, -156.2, -154.9, -150.9, -146.3, -144.5, -145.7, -145.8, -148.4, -150.4, -151.8, -151.5, -149.9, -147.6, -146.2, -145.6, -144.9, -144.5, -144.7, -148.2, -147.6, -148.5, -150.4, -152.1, -152.7, -151.7, -149.9, -176.7, -180.9, -182.7, -181.0, -176.8, -172.5, -170.7, -172.2, -175.7, -177.3, -178.3, -178.7, -178.3, -177.8, -176.6, -173.9, -172.2, -171.5, -171.9, -173.3, -175.2, -174.5, -175.2, -176.9, -178.6, -179.3, -178.6, -176.9, 749.2, 751.1, 752.7, 753.2, 752.1, 750.4, 748.6, 748.1, 751.3, 749.8, 748.8, 749.0, 750.6, 752.7, 754.4, 751.8, 749.3, 747.8, 747.8, 749.0, 750.3, 750.5, 751.2, 752.0, 752.4, 752.3, 751.6, 750.7, 874.1, 874.1, 874.8, 875.9, 876.7, 876.7, 876.0, 875.1, 875.3, 873.8, 872.8, 873.0, 875.2, 878.3, 881.8, 879.2, 876.5, 874.6, 873.9, 874.6, 876.0, 876.4, 876.7, 876.7, 876.4, 875.9, 875.6, 875.7, -155.1, -114.0, 782.2, 0.194, -0.353, -0.034, 1.19, 0.99, 0.04, 1.08, 0.00, 0.00, 0.55, 1.57, 0.00, 0.00, 1.09, 1.20, 0.00, 0.00, 0.40, 0.75, 1.01, 1.0, 1.0, 1.0, 0.0, 0.0, 0.0, 1.0, 0.0, 0.0, 0.0, 1.0, 1.0, 0.0, 0.0, 1.0, 1.0, 1.0, 1.0
36, 0, 1.460, 0.93, 1, 0.391938, 0.184424, -0.901317, 0.253849, 0.322204, -0.912001, 0.342, 0.272, 423.2, 424.4, 428.5, 433.2, 435.6, 434.6, 430.3, 425.7, 414.7, 418.7, 424.0, 429.7, 434.3, 437.4, 439.2, 437.4, 434.2, 429.9, 424.8, 419.4, 427.4, 429.4, 431.2, 431.7, 430.6, 428.6, 426.8, 426.3, 493.8, 495.8, 500.1, 504.2, 505.6, 503.6, 499.3, 494.9, 489.3, 492.3, 496.2, 501.0, 505.3, 508.4, 510.3, 508.1, 504.8, 501.0, 496.6, 492.3, 497.7, 499.4, 501.1, 501.9, 501.3, 499.7, 498.0, 497.2, 185.7, 180.5, 178.0, 179.7, 184.6, 190.1, 192.3, 190.6, 190.3, 187.3, 184.9, 183.4, 183.7, 185.7, 188.4, 190.4, 191.5, 192.4, 192.7, 192.1, 187.6, 188.4, 187.3, 185.0, 182.9, 182.2, 183.3, 185.5, 183.5, 179.2, 177.5, 179.6, 184.0, 188.4, 190.0, 188.3, 184.6, 182.7, 181.5, 181.2, 182.0, 183.3, 185.3, 187.5, 188.7, 189.0, 188.3, 187.0, 185.4, 186.2, 185.6, 183.8, 182.0, 181.2, 181.9, 183.6, -176.4, -175.6, -172.8, -169.4, -167.5, -168.2, -171.2, -174.5, -183.7, -180.1, -175.7, -171.3, -168.1, -166.4, -165.5, -166.4, -168.3, -171.2, -175.2, -179.6, -173.6, -172.1, -170.9, -170.6, -171.4, -172.8, -174.1, -174.4, -142.7, -140.8, -136.7, -132.9, -131.6, -133.6, -137.7, -141.9, -147.3, -144.2, -140.2, -135.6, -131.7, -129.1, -127.8, -129.6, -132.4, -135.8, -140.0, -144.3, -139.2, -137.7, -136.0, -135.2, -135.8, -137.3, -138.9, -139.7, -141.8, -146.2, -148.6, -147.6, -143.8, -139.1, -136.9, -137.9, -138.4, -140.5, -142.4, -143.8, -144.1, -143.1, -141.4, -139.3, -137.7, -136.6, -136.2, -136.7, -140.7, -140.3, -141.3, -143.2, -144.9, -145.4, -144.3, -142.4, -172.3, -176.5, -178.3, -176.6, -172.3, -168.1, -166.3, -167.9, -171.4, -173.1, -174.1, -174.4, -174.0, -173.5, -172.2, -169.5, -167.8, -167.1, -167.6, -169.0, -170.8, -170.1, -170.8, -172.5, -174.2, -174.9, -174.2, -172.5, 711.9, 712.9, 714.8, 716.6, 717.1, 716.5, 714.2, 712.4, 713.4, 712.0, 711.5, 712.5, 715.2, 718.3, 721.2, 718.6, 715.5, 713.3, 712.2, 712.4, 714.3, 715.1, 715.9, 716.3, 716.1, 715.3, 714.5, 714.1, 854.3, 854.3, 855.1, 856.2, 857.0, 856.9, 856.2, 855.3, 855.4, 853.9, 853.0, 853.4, 855.6, 858.8, 862.3, 859.6, 856.9, 854.9, 854.1, 854.7, 856.2, 856.7, 857.0, 857.0, 856.7, 856.2, 855.9, 855.9, -155.3, -114.9, 790.2, 0.180, -0.335, -0.052, 1.02, 0.74, 0.00, 0.62, 0.00, 0.00, 0.51, 1.35, 0.00, 0.48, 0.99, 1.19, 0.00, 0.00, 0.35, 1.05, 1.07, 1.0, 1.0, 0.0, 0.0, 0.0, 0.0, 1.0, 0.0, 0.0, 0.0, 1.0, 1.0, 0.0, 0.0, 1.0, 1.0, 1.0, 1.0
37, 0, 1.502, 0.93, 1, 0.316233, 0.226428, -0.921264, 0.255292, 0.322814, -0.911382, 0.302, 0.291, 423.7, 425.1, 429.9, 435.1, 437.7, 436.6, 431.5, 426.3, 417.1, 420.2, 424.8, 430.6, 436.2, 440.9, 444.5, 441.7, 437.2, 432.0, 426.5, 421.4, 428.8, 431.0, 433.0, 433.7, 432.6, 430.4, 428.3, 427.7, 495.0, 496.9, 501.1, 505.1, 506.6, 504.7, 500.5, 496.1, 490.6, 493.4, 497.2, 502.0, 506.3, 509.4, 511.3, 509.1, 505.8, 502.0, 497.7, 493.5, 498.9, 500.5, 502.2, 503.0, 502.4, 500.8, 499.1, 498.3, 186.8, 181.5, 178.9, 180.5, 185.4, 191.0, 193.3, 191.7, 190.7, 188.2, 185.9, 184.2, 184.1, 185.3, 187.1, 190.0, 191.9, 193.3, 193.9, 193.2, 188.5, 189.2, 188.1, 185.8, 183.7, 183.0, 184.1, 186.4, 184.0, 179.8, 178.2, 180.0, 184.3, 188.6, 190.2, 188.6, 185.2, 183.1, 181.9, 181.6, 182.3, 183.4, 185.4, 187.8, 189.1, 189.5, 188.9, 187.5, 185.7, 186.5, 185.8, 184.1, 182.4, 181.7, 182.3, 184.0, -172.1, -170.9, -167.1, -162.9, -160.9, -161.9, -165.9, -170.0, -178.6, -175.3, -171.0, -166.1, -161.8, -158.5, -156.2, -158.1, -161.3, -165.3, -169.8, -174.5, -168.2, -166.4, -164.8, -164.3, -165.1, -166.9, -168.5, -169.0, -144.3, -142.3, -138.2, -134.4, -133.1, -135.1, -139.2, -143.4, -148.9, -145.8, -141.8, -137.2, -133.2, -130.5, -129.1, -131.1, -133.9, -137.5, -141.7, -145.9, -140.7, -139.2, -137.5, -136.7, -137.3, -138.8, -140.4, -141.2, -137.7, -141.9, -144.0, -142.7, -138.9, -134.5, -132.6, -133.9, -135.6, -137.0, -138.3, -139.4, -139.7, -139.2, -138.2, -135.5, -133.7, -132.5, -132.2, -133.1, -136.6, -136.0, -136.9, -138.7, -140.4, -140.9, -140.0, -138.2, -175.1, -179.3, -181.0, -179.4, -175.3, -171.1, -169.4, -170.8, -174.2, -175.9, -176.9, -177.3, -177.0, -176.5, -175.2, -172.4, -170.6, -169.8, -170.3, -171.8, -173.8, -173.1, -173.8, -175.5, -177.1, -177.8, -177.1, -175.4, 696.0, 695.8, 695.7, 695.7, 695.9, 696.3, 696.2, 696.2, 701.0, 697.7, 695.2, 693.8, 694.7, 696.9, 699.3, 697.7, 695.9, 695.4, 696.2, 698.2, 696.8, 696.8, 696.8, 696.7, 696.6, 696.6, 696.7, 696.8, 870.8, 870.5, 871.0, 872.1, 873.1, 873.4, 872.8, 872.0, 872.2, 870.4, 869.3, 869.4, 871.6, 874.7, 878.3, 875.9, 873.3, 871.5, 870.8, 871.5, 872.7, 873.1, 873.3, 873.2, 872.8, 872.4, 872.2, 872.3, -152.9, -114.0, 786.4, 0.195, -0.346, -0.044, 1.12, 0.87, 0.08, 1.03, 0.00, 0.00, 0.51, 1.53, 0.00, 0.37, 0.86, 1.08, 0.00, 0.00, 0.13, 0.82, 0.69, 1.0, 1.0, 0.0, 1.0, 0.0, 0.0, 1.0, 0.0, 0.0, 1.0, 1.0, 1.0, 0.0, 0.0, 0.0, 1.0, 1.0, 1.0
38, 0, 1.543, 0.98, 1, 0.322189, 0.248180, -0.913565, 0.243070, 0.313162, -0.918067, 0.299, 0.297, 424.1, 425.6, 430.4, 435.7, 438.5, 437.4, 432.2, 426.9, 417.1, 420.7, 425.5, 431.2, 436.7, 441.4, 445.1, 442.4, 437.9, 432.7, 427.1, 421.7, 429.3, 431.7, 433.8, 434.4, 433.2, 430.9, 428.8, 428.1, 495.5, 497.4, 501.7, 505.7, 507.2, 505.2, 501.0, 496.6, 491.3, 494.1, 497.9, 502.7, 507.0, 510.2, 512.1, 509.8, 506.5, 502.7, 498.4, 494.2, 499.4, 501.1, 502.7, 503.5, 502.9, 501.3, 499.6, 498.9, 187.8, 182.3, 179.5, 181.1, 186.1, 191.9, 194.3, 192.7, 191.5, 188.8, 186.3, 184.5, 184.5, 185.6, 187.4, 190.4, 192.2, 193.6, 194.2, 193.7, 189.6, 190.3, 189.1, 186.7, 184.5, 183.8, 185.0, 187.4, 184.0, 179.8, 178.2, 180.1, 184.4, 188.7, 190.3, 188.6, 185.2, 183.2, 181.9, 181.6, 182.4, 183.6, 185.6, 187.8, 189.1, 189.5, 188.8, 187.5, 185.8, 186.6, 185.9, 184.2, 182.5, 181.7, 182.4, 184.1, -170.2, -169.2, -165.4, -161.2, -159.0, -159.8, -163.8, -168.0, -176.8, -173.3, -169.0, -164.2, -160.1, -156.9, -154.5, -156.2, -159.3, -163.2, -167.7, -172.4, -166.3, -164.5, -162.8, -162.4, -163.3, -165.2, -166.8, -167.3, -143.6, -141.6, -137.5, -133.6, -132.3, -134.3, -138.5, -142.7, -148.0, -144.9, -140.9, -136.3, -132.3, -129.6, -128.2, -130.1, -133.0, -136.5, -140.7, -145.0, -140.0, -138.4, -136.8, -136.0, -136.5, -138.1, -139.7, -140.5, -135.8, -140.2, -142.4, -141.2, -137.2, -132.6, -130.6, -131.9, -133.7, -135.3, -136.8, -138.0, -138.3, -137.8, -136.9, -134.1, -132.3, -131.0, -130.7, -131.4, -134.6, -134.0, -135.0, -136.9, -138.6, -139.2, -138.2, -136.3, -174.9, -179.0, -180.8, -179.1, -174.9, -170.7, -169.0, -170.5, -174.0, -175.7, -176.7, -177.0, -176.7, -176.1, -174.8, -172.1, -170.3, -169.6, -170.1, -171.5, -173.5, -172.8, -173.5, -175.1, -176.8, -177.5, -176.8, -175.1, 690.0, 690.3, 690.5, 690.6, 690.4, 690.3, 689.8, 689.8, 694.2, 691.4, 689.2, 688.3, 689.2, 691.4, 693.8, 691.7, 689.6, 688.8, 689.4, 691.3, 690.8, 690.8, 690.9, 691.1, 691.2, 691.1, 691.0, 690.9, 869.7, 869.4, 869.9, 870.9, 871.7, 872.0, 871.5, 870.8, 870.9, 869.2, 868.1, 868.2, 870.4, 873.5, 877.0, 874.6, 872.0, 870.1, 869.5, 870.2, 871.4, 871.8, 872.0, 871.9, 871.6, 871.2, 871.0, 871.1, -152.5, -114.5, 787.9, 0.179, -0.345, -0.052, 1.42, 0.81, 0.00, 0.58, 0.00, 0.00, 0.41, 1.39, 0.00, 0.62, 1.39, 1.33, 0.00, 0.00, 0.00, 0.36, 0.73, 1.0, 1.0, 0.0, 0.0, 0.0, 0.0, 0.0, 0.0, 0.0, 1.0, 1.0, 1.0, 0.0, 0.0, 0.0, 1.0, 1.0, 1.0
39, 0, 1.585, 0.98, 1, 0.381295, 0.201488, -0.902229, 0.252711, 0.318273, -0.913695, 0.336, 0.279, 425.4, 426.5, 430.6, 435.4, 438.0, 437.2, 432.8, 428.0, 417.2, 421.1, 426.3, 432.0, 436.7, 439.9, 441.9, 440.1, 436.9, 432.6, 427.4, 422.0, 429.7, 431.8, 433.6, 434.1, 432.9, 430.8, 429.0, 428.5, 496.1, 498.0, 502.1, 506.1, 507.6, 505.8, 501.6, 497.3, 491.8, 494.6, 498.4, 503.1, 507.4, 510.5, 512.4, 510.2, 507.0, 503.3, 499.0, 494.8, 500.0, 501.6, 503.3, 504.0, 503.4, 501.8, 500.1, 499.4, 188.3, 183.0, 180.3, 181.7, 186.5, 192.1, 194.5, 193.1, 192.5, 189.5, 187.0, 185.3, 185.5, 187.3, 189.9, 192.0, 193.3, 194.4, 194.8, 194.3, 190.0, 190.6, 189.4, 187.1, 185.0, 184.4, 185.6, 187.9, 184.7, 180.5, 178.8, 180.7, 185.0, 189.2, 190.9, 189.3, 186.2, 184.0, 182.7, 182.2, 183.0, 184.2, 186.2, 188.4, 189.7, 190.1, 189.5, 188.4, 186.5, 187.2, 186.5, 184.8, 183.1, 182.4, 183.0, 184.7, -174.6, -173.9, -171.0, -167.5, -165.5, -166.1, -169.1, -172.6, -181.8, -178.2, -173.7, -169.4, -166.1, -164.2, -163.2, -164.1, -166.1, -169.1, -173.1, -177.6, -171.7, -170.1, -168.8, -168.5, -169.4, -171.0, -172.3, -172.6, -143.5, -141.7, -137.6, -133.8, -132.4, -134.3, -138.4, -142.6, -148.0, -145.0, -141.1, -136.4, -132.4, -129.8, -128.5, -130.3, -133.1, -136.5, -140.7, -145.0, -140.0, -138.4, -136.8, -136.1, -136.6, -138.1, -139.8, -140.5, -139.7, -144.1, -146.7, -145.9, -142.1, -137.4, -135.1, -135.9, -136.6, -138.8, -140.7, -142.3, -142.6, -141.8, -140.2, -137.9, -136.3, -135.0, -134.5, -134.9, -138.8, -138.4, -139.5, -141.5, -143.1, -143.5, -142.4, -140.4, -174.9, -179.1, -180.9, -179.3, -175.1, -170.9, -169.1, -170.5, -173.7, -175.5, -176.6, -177.1, -176.8, -176.3, -175.0, -172.2, -170.4, -169.6, -170.0, -171.3, -173.5, -172.8, -173.6, -175.3, -176.9, -177.6, -176.9, -175.2, 711.9, 712.7, 714.4, 716.1, 716.7, 716.3, 714.2, 712.5, 713.8, 712.2, 711.5, 712.4, 715.0, 718.2, 721.1, 718.5, 715.5, 713.4, 712.4, 712.6, 714.3, 715.0, 715.8, 716.1, 715.8, 715.1, 714.3, 714.0, 873.0, 872.9, 873.6, 874.6, 875.4, 875.6, 874.9, 874.1, 874.2, 872.6, 871.6, 871.8, 874.1, 877.3, 880.8, 878.2, 875.5, 873.6, 872.8, 873.5, 874.9, 875.3, 875.6, 875.5, 875.2, 874.8, 874.5, 874.5, -154.1, -115.7, 797.8, 0.183, -0.342, -0.065, 1.61, 0.80, 0.00, 0.67, 0.00, 0.00, 0.54, 1.41, 0.00, 1.16, 1.61, 1.49, 0.00, 0.00, 0.00, 0.20, 0.95, 1.0, 1.0, 0.0, 0.0, 0.0, 0.0, 0.0, 0.0, 0.0, 1.0, 1.0, 1.0, 0.0, 0.0, 0.0, 1.0, 1.0, 1.0
40, 0, 1.627, 0.98, 1, 0.397769, 0.235332, -0.886791, 0.245640, 0.327643, -0.912311, 0.343, 0.303, 425.9, 427.2, 431.4, 436.0, 438.4, 437.3, 433.0, 428.3, 417.3, 421.6, 427.0, 432.6, 437.1, 440.0, 441.7, 440.0, 437.0, 432.8, 427.7, 422.2, 429.9, 432.0, 433.9, 434.5, 433.4, 431.3, 429.4, 428.8, 496.4, 498.3, 502.6, 506.7, 508.2, 506.3, 502.1, 497.6, 492.1, 495.0, 498.9, 503.7, 508.0, 511.1, 513.0, 510.8, 507.6, 503.8, 499.4, 495.1, 500.4, 502.0, 503.7, 504.5, 503.9, 502.2, 500.5, 499.8, 189.7, 184.3, 181.6, 183.3, 188.4, 194.2, 196.5, 194.8, 193.2, 190.2, 187.9, 186.4, 186.8, 188.7, 191.6, 193.7, 194.9, 195.8, 195.9, 195.2, 191.7, 192.5, 191.3, 188.8, 186.5, 185.7, 187.0, 189.4, 186.1, 181.7, 179.9, 181.8, 186.2, 190.6, 192.3, 190.7, 187.2, 185.1, 183.8, 183.4, 184.0, 185.1, 187.1, 189.4, 190.8, 191.3, 190.8, 189.5, 187.8, 188.5, 187.8, 186.1, 184.3, 183.6, 184.3, 186.0, -170.5, -169.7, -166.8, -163.6, -161.9, -162.7, -165.6, -168.8, -177.6, -173.9, -169.5, -165.4, -162.4, -160.9, -160.2, -161.0, -162.6, -165.4, -169.2, -173.5, -168.0, -166.5, -165.2, -164.8, -165.6, -167.1, -168.4, -168.7, -140.4, -138.5, -134.5, -130.6, -129.3, -131.2, -135.3, -139.5, -144.8, -141.7, -137.7, -133.1, -129.2, -126.7, -125.4, -127.2, -129.9, -133.3, -137.5, -141.8, -136.9, -135.3, -133.7, -132.9, -133.5, -135.0, -136.6, -137.4, -135.6, -140.1, -142.6, -141.7, -137.8, -133.1, -130.8, -131.7, -133.0, -135.2, -137.0, -138.4, -138.7, -137.8, -136.0, -133.8, -132.2, -131.1, -130.7, -131.3, -134.5, -134.1, -135.2, -137.3, -139.1, -139.5, -138.3, -136.3, -170.1, -174.3, -176.2, -174.6, -170.5, -166.3, -164.4, -165.8, -169.2, -171.0, -172.1, -172.5, -172.3, -171.9, -170.7, -167.9, -166.0, -165.1, -165.5, -166.8, -168.8, -168.2, -168.9, -170.6, -172.3, -172.9, -172.2, -170.5, 696.8, 697.6, 699.7, 701.8, 702.7, 702.2, 699.8, 697.7, 697.7, 696.6, 696.4, 697.6, 700.6, 703.8, 706.8, 704.1, 700.9, 698.4, 697.1, 697.0, 699.5, 700.4, 701.4, 701.8, 701.4, 700.4, 699.5, 699.1, 855.8, 855.5, 856.2, 857.4, 858.3, 858.6, 857.9, 857.0, 856.8, 855.3, 854.3, 854.6, 856.9, 860.2, 863.8, 861.2, 858.5, 856.5, 855.7, 856.2, 857.7, 858.2, 858.5, 858.4, 858.0, 857.5, 857.2, 857.3, -154.0, -114.9, 797.9, 0.190, -0.357, -0.050, 1.74, 0.91, 0.02, 0.88, 0.00, 0.00, 0.35, 0.76, 0.00, 1.06, 1.86, 1.81, 0.00, 0.00, 0.00, 0.31, 0.76, 1.0, 1.0, 0.0, 0.0, 0.0, 0.0, 0.0, 0.0, 0.0, 1.0, 1.0, 1.0, 0.0, 0.0, 0.0, 1.0, 1.0, 1.0
41, 0, 1.668, 0.98, 1, 0.398177, 0.219611, -0.890633, 0.249713, 0.317209, -0.914889, 0.345, 0.289, 426.0, 427.3, 431.5, 436.2, 438.7, 437.6, 433.2, 428.5, 417.3, 421.5, 426.9, 432.7, 437.3, 440.3, 442.0, 440.2, 437.2, 432.9, 427.7, 422.2, 430.1, 432.2, 434.1, 434.7, 433.6, 431.5, 429.6, 429.0, 496.7, 498.6, 502.9, 507.0, 508.5, 506.6, 502.3, 497.9, 492.2, 495.2, 499.1, 504.0, 508.3, 511.3, 513.1, 511.0, 507.8, 504.0, 499.6, 495.2, 500.7, 502.3, 504.0, 504.7, 504.1, 502.5, 500.8, 500.1, 190.9, 185.3, 182.6, 184.2, 189.2, 195.1, 197.5, 195.9, 194.6, 191.6, 189.1, 187.4, 187.7, 189.6, 192.5, 194.7, 196.1, 197.1, 197.3, 196.6, 192.8, 193.5, 192.2, 189.7, 187.4, 186.7, 188.0, 190.5, 186.8, 182.4, 180.6, 182.5, 187.0, 191.4, 193.1, 191.5, 188.3, 186.0, 184.6, 184.2, 184.9, 186.1, 188.1, 190.4, 191.8, 192.3, 191.7, 190.5, 188.5, 189.3, 188.6, 186.8, 185.1, 184.3, 185.0, 186.8, -168.3, -167.4, -164.6, -161.3, -159.6, -160.4, -163.4, -166.6, -175.5, -171.8, -167.4, -163.2, -160.2, -158.6, -157.9, -158.7, -160.5, -163.3, -167.1, -171.4, -165.7, -164.3, -162.9, -162.6, -163.3, -164.8, -166.1, -166.5, -138.4, -136.5, -132.5, -128.8, -127.4, -129.3, -133.3, -137.5, -142.9, -139.8, -135.8, -131.2, -127.4, -125.0, -123.8, -125.5, -128.1, -131.4, -135.6, -139.9, -134.9, -133.4, -131.8, -131.1, -131.6, -133.1, -134.7, -135.4, -133.0, -137.5, -140.1, -139.2, -135.4, -130.7, -128.3, -129.2, -130.3, -132.4, -134.3, -135.8, -136.2, -135.4, -133.6, -131.3, -129.7, -128.4, -128.0, -128.6, -132.0, -131.6, -132.8, -134.8, -136.6, -136.9, -135.8, -133.7, -167.3, -171.5, -173.4, -171.8, -167.7, -163.4, -161.6, -162.9, -166.0, -167.9, -169.1, -169.6, -169.4, -169.0, -167.7, -164.9, -163.0, -162.1, -162.5, -163.8, -166.0, -165.4, -166.1, -167.8, -169.4, -170.0, -169.3, -167.6, 688.1, 688.7, 690.7, 692.8, 693.8, 693.5, 691.1, 689.1, 689.3, 688.0, 687.6, 688.7, 691.6, 694.9, 697.9, 695.3, 692.2, 689.9, 688.6, 688.6, 690.8, 691.7, 692.6, 692.9, 692.4, 691.5, 690.6, 690.3, 845.0, 845.0, 845.8, 847.1, 848.0, 848.1, 847.2, 846.2, 846.1, 844.6, 843.7, 844.2, 846.6, 849.9, 853.5, 850.9, 848.1, 846.0, 845.1, 845.5, 847.1, 847.6, 847.9, 847.9, 847.5, 847.0, 846.7, 846.7, -154.3, -114.8, 800.7, 0.194, -0.346, -0.057, 1.79, 0.78, 0.00, 1.20, 0.00, 0.00, 0.58, 0.86, 0.00, 1.04, 1.87, 1.72, 0.00, 0.00, 0.00, 0.00, 0.77, 1.0, 1.0, 0.0, 0.0, 0.0, 0.0, 1.0, 0.0, 0.0, 1.0, 1.0, 1.0, 0.0, 0.0, 0.0, 0.0, 1.0, 1.0
42, 0, 1.710, 0.98, 1, 0.391666, 0.213266, -0.895050, 0.241067, 0.346771, -0.906442, 0.338, 0.301, 426.1, 427.4, 431.5, 436.0, 438.3, 437.1, 432.8, 428.3, 418.2, 421.7, 426.6, 432.1, 436.9, 440.0, 442.0, 439.7, 436.2, 431.8, 427.0, 422.2, 430.2, 432.1, 433.9, 434.5, 433.5, 431.6, 429.8, 429.3, 496.4, 498.3, 502.6, 506.8, 508.4, 506.5, 502.2, 497.6, 491.8, 494.8, 498.8, 503.8, 508.1, 511.2, 513.0, 510.9, 507.8, 504.0, 499.5, 495.0, 500.5, 502.1, 503.8, 504.5, 503.9, 502.3, 500.6, 499.8, 190.1, 185.3, 183.2, 185.0, 189.6, 194.7, 196.5, 194.7, 193.8, 191.1, 189.1, 188.0, 188.8, 191.0, 193.9, 194.8, 195.0, 195.3, 195.3, 194.9, 192.1, 192.8, 192.0, 189.9, 188.0, 187.2, 188.1, 190.1, 187.7, 183.1, 181.2, 183.1, 187.6, 192.1, 194.0, 192.5, 189.4, 187.1, 185.6, 185.0, 185.6, 186.6, 188.6, 191.0, 192.5, 193.1, 192.7, 191.6, 189.3, 190.1, 189.3, 187.6, 185.8, 185.1, 185.8, 187.6, -189.8, -188.9, -185.7, -181.9, -179.9, -180.7, -184.1, -187.9, -197.3, -193.8, -189.2, -184.4, -180.7, -178.5, -177.3, -178.8, -181.2, -184.7, -188.9, -193.4, -186.6, -185.0, -183.6, -183.2, -184.1, -185.7, -187.1, -187.4, -136.0, -134.2, -130.2, -126.5, -125.1, -126.9, -130.8, -135.0, -140.4, -137.4, -133.5, -128.9, -125.1, -122.7, -121.5, -123.1, -125.7, -129.0, -133.1, -137.4, -132.5, -131.0, -129.4, -128.7, -129.3, -130.8, -132.3, -133.0, -150.8, -155.2, -157.4, -156.1, -152.0, -147.2, -145.3, -146.7, -147.9, -149.9, -151.5, -152.6, -152.3, -150.9, -148.7, -147.4, -146.7, -146.1, -146.0, -146.5, -149.3, -148.8, -149.7, -151.6, -153.4, -153.9, -153.0, -151.1, -163.2, -167.5, -169.4, -167.9, -163.8, -159.5, -157.6, -158.9, -161.7, -163.6, -164.9, -165.5, -165.5, -165.1, -164.0, -161.2, -159.2, -158.2, -158.4, -159.6, -162.0, -161.4, -162.2, -163.9, -165.5, -166.0, -165.3, -163.6, 776.4, 777.7, 779.3, 780.5, 780.4, 779.5, 777.5, 776.4, 778.4, 776.8, 775.9, 776.3, 778.5, 781.1, 783.3, 780.8, 778.0, 776.3, 775.8, 776.7, 778.3, 778.8, 779.5, 780.0, 780.0, 779.6, 778.8, 778.3, 828.5, 828.4, 829.3, 830.7, 831.7, 831.7, 830.8, 829.7, 829.4, 828.0, 827.2, 827.7, 830.2, 833.6, 837.2, 834.6, 831.8, 829.6, 828.6, 829.0, 830.6, 831.1, 831.5, 831.5, 831.1, 830.6, 830.2, 830.2, -154.0, -113.9, 798.1, 0.214, -0.332, -0.055, 1.64, 0.56, 0.00, 0.60, 0.00, 0.00, 0.54, 1.14, 0.00, 1.61, 1.95, 1.63, 0.00, 0.00, 0.00, 0.00, 0.69, 1.0, 1.0, 0.0, 0.0, 0.0, 0.0, 0.0, 0.0, 0.0, 1.0, 1.0, 1.0, 0.0, 0.0, 0.0, 0.0, 1.0, 1.0
43, 0, 1.752, 0.98, 1, 0.402616, 0.185777, -0.896319, 0.252679, 0.327790, -0.910333, 0.348, 0.277, 425.8, 427.0, 431.1, 435.6, 437.9, 437.0, 432.7, 428.2, 417.7, 421.1, 426.1, 431.8, 436.6, 439.7, 441.7, 439.6, 436.2, 431.9, 427.0, 421.9, 430.0, 431.9, 433.6, 434.1, 433.1, 431.2, 429.5, 429.0, 496.4, 498.3, 502.6, 506.8, 508.5, 506.5, 502.2, 497.6, 491.7, 494.6, 498.6, 503.6, 508.0, 511.1, 513.0, 510.9, 507.7, 503.8, 499.3, 494.8, 500.5, 502.1, 503.8, 504.5, 503.9, 502.3, 500.6, 499.8, 191.3, 186.3, 183.8, 185.2, 189.8, 195.1, 197.3, 195.8, 195.6, 192.5, 190.1, 188.4, 188.8, 190.8, 193.9, 195.9, 197.2, 198.2, 198.4, 197.7, 192.8, 193.4, 192.4, 190.3, 188.4, 187.8, 188.8, 190.9, 188.1, 183.6, 181.7, 183.5, 188.0, 192.6, 194.4, 192.9, 189.6, 187.3, 185.9, 185.3, 185.9, 186.9, 188.9, 191.4, 192.9, 193.5, 193.0, 191.9, 189.7, 190.4, 189.7, 188.0, 186.2, 185.5, 186.2, 188.0, -181.4, -180.5, -177.4, -173.9, -172.1, -172.9, -176.1, -179.6, -188.9, -185.5, -181.0, -176.3, -172.8, -170.8, -169.8, -171.1, -173.3, -176.5, -180.6, -185.0, -178.4, -176.9, -175.6, -175.2, -176.0, -177.5, -178.8, -179.2, -136.3, -134.4, -130.4, -126.6, -125.3, -127.1, -131.1, -135.3, -140.9, -137.8, -133.9, -129.3, -125.4, -123.0, -121.8, -123.4, -126.0, -129.4, -133.6, -137.9, -132.7, -131.3, -129.7, -129.0, -129.5, -131.0, -132.5, -133.3, -142.9, -147.2, -149.6, -148.7, -145.0, -140.4, -138.2, -139.2, -139.7, -142.0, -143.8, -145.3, -145.4, -144.3, -142.3, -140.0, -138.4, -137.3, -137.0, -137.7, -142.0, -141.6, -142.6, -144.5, -146.0, -146.4, -145.4, -143.6, -163.1, -167.4, -169.3, -167.8, -163.8, -159.5, -157.5, -158.8, -161.8, -163.7, -164.9, -165.5, -165.5, -165.1, -164.0, -161.1, -159.2, -158.2, -158.5, -159.7, -162.0, -161.4, -162.1, -163.8, -165.4, -166.0, -165.2, -163.5, 741.1, 741.6, 743.1, 744.6, 745.2, 745.0, 743.2, 741.7, 743.6, 741.7, 740.5, 741.0, 743.4, 746.4, 749.1, 746.9, 744.2, 742.4, 741.8, 742.3, 743.3, 743.9, 744.5, 744.8, 744.5, 743.9, 743.2, 743.0, 830.1, 830.0, 830.8, 832.2, 833.3, 833.4, 832.6, 831.5, 831.3, 829.7, 828.8, 829.2, 831.6, 835.0, 838.6, 836.1, 833.4, 831.3, 830.4, 830.8, 832.3, 832.8, 833.2, 833.1, 832.7, 832.1, 831.8, 831.9, -154.7, -113.8, 799.9, 0.214, -0.349, -0.042, 2.03, 0.92, 0.00, 0.72, 0.00, 0.00, 0.40, 0.89, 0.00, 1.29, 1.97, 1.95, 0.00, 0.00, 0.00, 0.00, 0.58, 1.0, 1.0, 0.0, 0.0, 0.0, 0.0, 0.0, 0.0, 0.0, 1.0, 1.0, 1.0, 0.0, 0.0, 0.0, 0.0, 1.0, 1.0
44, 0, 1.793, 0.98, 1, 0.377349, 0.200139, -0.904186, 0.237631, 0.336538, -0.911193, 0.327, 0.287, 425.3, 426.6, 430.7, 435.3, 437.6, 436.5, 432.1, 427.6, 417.6, 421.1, 426.0, 431.5, 436.3, 439.5, 441.5, 439.2, 435.7, 431.3, 426.4, 421.6, 429.5, 431.4, 433.2, 433.7, 432.8, 430.8, 429.1, 428.5, 496.0, 497.9, 502.2, 506.4, 508.0, 506.1, 501.8, 497.2, 491.3, 494.3, 498.3, 503.3, 507.8, 510.8, 512.6, 510.5, 507.4, 503.5, 499.0, 494.5, 500.0, 501.7, 503.4, 504.1, 503.5, 501.8, 500.1, 499.4, 190.3, 185.6, 183.5, 185.3, 189.8, 194.9, 196.6, 194.9, 194.4, 191.6, 189.4, 188.2, 189.1, 191.4, 194.4, 195.3, 195.4, 195.7, 195.8, 195.5, 192.3, 193.1, 192.2, 190.2, 188.3, 187.5, 188.4, 190.4, 187.9, 183.4, 181.5, 183.4, 188.0, 192.5, 194.4, 192.8, 189.7, 187.3, 185.8, 185.2, 185.9, 187.1, 189.2, 191.5, 192.9, 193.4, 192.9, 191.8, 189.6, 190.4, 189.7, 187.9, 186.1, 185.4, 186.1, 187.9, -189.6, -188.8, -185.6, -181.8, -179.6, -180.3, -183.7, -187.5, -196.8, -193.4, -188.9, -184.1, -180.3, -178.1, -176.8, -178.3, -180.7, -184.2, -188.4, -192.9, -186.3, -184.7, -183.3, -183.0, -183.9, -185.5, -186.8, -187.2, -135.8, -134.0, -130.0, -126.3, -124.9, -126.7, -130.6, -134.8, -140.3, -137.2, -133.3, -128.7, -124.9, -122.5, -121.4, -122.9, -125.5, -128.8, -132.9, -137.2, -132.3, -130.8, -129.3, -128.5, -129.1, -130.6, -132.1, -132.8, -149.8, -154.3, -156.5, -155.1, -151.0, -146.3, -144.4, -145.8, -146.6, -148.8, -150.5, -151.6, -151.3, -149.7, -147.4, -146.2, -145.6, -145.0, -144.9, -145.3, -148.4, -147.8, -148.7, -150.6, -152.3, -152.9, -152.0, -150.1, -162.2, -166.5, -168.4, -166.9, -162.8, -158.5, -156.5, -157.8, -160.7, -162.6, -163.9, -164.6, -164.4, -164.0, -162.7, -160.0, -158.1, -157.2, -157.5, -158.6, -161.0, -160.4, -161.1, -162.8, -164.4, -165.0, -164.3, -162.6, 772.6, 774.1, 775.8, 776.8, 776.5, 775.3, 773.3, 772.3, 774.5, 773.0, 772.1, 772.6, 774.7, 777.2, 779.3, 776.8, 774.1, 772.3, 771.9, 772.8, 774.3, 774.8, 775.5, 776.1, 776.2, 775.8, 775.1, 774.5, 824.7, 824.7, 825.6, 826.9, 827.9, 827.9, 826.9, 825.8, 825.7, 824.2, 823.4, 824.0, 826.4, 829.8, 833.4, 830.8, 827.9, 825.7, 824.8, 825.1, 826.8, 827.3, 827.7, 827.7, 827.3, 826.8, 826.4, 826.4, -155.1, -114.0, 800.5, 0.215, -0.328, -0.049, 1.55, 0.49, 0.00, 0.45, 0.19, 0.00, 0.52, 0.95, 0.00, 1.61, 1.79, 1.64, 0.00, 0.00, 0.00, 0.00, 0.62, 1.0, 1.0, 0.0, 0.0, 0.0, 0.0, 0.0, 0.0, 0.0, 1.0, 1.0, 1.0, 0.0, 0.0, 0.0, 0.0, 1.0, 1.0
45, 0, 1.835, 0.98, 1, 0.382758, 0.230674, -0.894587, 0.248612, 0.333194, -0.909491, 0.337, 0.303, 424.8, 426.3, 430.6, 435.1, 437.2, 435.9, 431.4, 426.9, 416.0, 420.5, 425.9, 431.4, 435.9, 438.9, 440.8, 438.7, 435.4, 431.0, 425.9, 420.6, 428.8, 430.8, 432.6, 433.2, 432.3, 430.4, 428.6, 427.9, 495.6, 497.5, 501.8, 505.9, 507.5, 505.7, 501.4, 496.9, 490.9, 493.7, 497.5, 502.5, 507.1, 510.3, 512.2, 510.0, 506.8, 502.9, 498.4, 493.9, 499.7, 501.3, 503.0, 503.7, 503.1, 501.5, 499.8, 499.1, 190.1, 185.2, 183.1, 185.2, 190.1, 195.5, 197.1, 195.1, 192.3, 190.5, 189.1, 188.5, 189.5, 191.5, 193.8, 195.3, 195.6, 195.7, 195.3, 194.4, 192.4, 193.3, 192.4, 190.3, 188.2, 187.3, 188.2, 190.3, 188.0, 183.5, 181.7, 183.6, 188.0, 192.5, 194.3, 192.7, 189.8, 187.3, 185.8, 185.2, 186.0, 187.2, 189.5, 191.7, 193.0, 193.5, 193.0, 191.9, 189.7, 190.4, 189.7, 188.0, 186.2, 185.5, 186.2, 187.9, -181.6, -180.6, -177.5, -174.0, -172.2, -173.1, -176.3, -179.8, -189.4, -185.2, -180.5, -176.1, -172.8, -171.0, -170.0, -171.1, -173.2, -176.4, -180.5, -185.1, -178.7, -177.2, -175.9, -175.4, -176.2, -177.7, -179.0, -179.4, -138.2, -136.4, -132.5, -128.7, -127.2, -129.0, -133.0, -137.2, -143.0, -140.1, -136.2, -131.5, -127.4, -124.8, -123.5, -125.2, -128.0, -131.4, -135.6, -139.9, -134.6, -133.2, -131.6, -130.9, -131.5, -132.9, -134.5, -135.2, -143.3, -147.8, -149.9, -148.5, -144.3, -139.5, -137.7, -139.2, -141.7, -143.0, -144.1, -144.7, -144.4, -143.3, -141.9, -140.0, -139.2, -138.7, -138.8, -139.7, -141.8, -141.2, -142.1, -144.0, -145.8, -146.4, -145.5, -143.6, -164.7, -169.0, -170.8, -169.3, -165.2, -160.9, -159.0, -160.4, -163.2, -165.3, -166.6, -167.2, -166.9, -166.3, -164.8, -162.1, -160.4, -159.6, -159.9, -161.1, -163.4, -162.8, -163.6, -165.2, -166.8, -167.5, -166.7, -165.1, 738.2, 739.5, 741.5, 743.0, 743.2, 742.2, 739.8, 738.3, 739.7, 738.3, 737.8, 738.6, 741.0, 744.0, 746.8, 743.9, 740.7, 738.5, 737.6, 738.1, 740.4, 741.0, 741.9, 742.5, 742.4, 741.8, 740.9, 740.3, 837.8, 837.8, 838.5, 839.6, 840.5, 840.5, 839.7, 838.8, 839.1, 837.5, 836.5, 836.7, 839.0, 842.2, 845.7, 843.2, 840.5, 838.5, 837.8, 838.4, 839.7, 840.2, 840.5, 840.4, 840.1, 839.7, 839.4, 839.4, -154.8, -113.3, 795.5, 0.215, -0.334, -0.036, 1.99, 0.73, 0.00, 0.73, 0.07, 0.00, 0.32, 0.96, 0.00, 1.73, 1.96, 1.84, 0.00, 0.00, 0.00, 0.00, 0.48, 1.0, 1.0, 0.0, 0.0, 0.0, 0.0, 0.0, 0.0, 0.0, 1.0, 1.0, 1.0, 0.0, 0.0, 0.0, 0.0, 1.0, 1.0
46, 0, 1.877, 0.98, 1, 0.391181, 0.231391, -0.890750, 0.246341, 0.328045, -0.911977, 0.340, 0.301, 424.3, 426.0, 430.3, 434.7, 436.7, 435.2, 430.7, 426.3, 415.3, 419.9, 425.4, 431.0, 435.5, 438.4, 440.0, 437.9, 434.7, 430.3, 425.2, 420.0, 428.3, 430.2, 432.0, 432.7, 431.9, 430.0, 428.2, 427.5, 495.3, 497.2, 501.5, 505.6, 507.2, 505.3, 501.0, 496.5, 490.5, 493.3, 497.3, 502.3, 506.9, 510.0, 511.7, 509.6, 506.4, 502.6, 498.0, 493.6, 499.3, 500.9, 502.6, 503.3, 502.7, 501.1, 499.4, 498.7, 190.5, 185.4, 183.1, 185.1, 190.1, 195.6, 197.4, 195.5, 192.4, 190.5, 189.2, 188.6, 189.5, 191.3, 193.7, 195.2, 195.8, 196.0, 195.6, 194.5, 192.6, 193.4, 192.5, 190.3, 188.2, 187.3, 188.3, 190.4, 188.0, 183.5, 181.7, 183.6, 188.1, 192.6, 194.4, 192.8, 189.9, 187.4, 185.8, 185.2, 186.0, 187.2, 189.5, 191.8, 193.1, 193.6, 193.2, 192.0, 189.7, 190.5, 189.7, 188.0, 186.3, 185.5, 186.2, 188.0, -180.8, -179.6, -176.5, -173.1, -171.6, -172.7, -176.0, -179.3, -188.7, -184.5, -179.7, -175.2, -172.1, -170.4, -169.7, -170.8, -172.9, -176.0, -180.0, -184.5, -178.1, -176.7, -175.3, -174.8, -175.5, -176.9, -178.2, -178.7, -137.0, -135.2, -131.3, -127.5, -126.2, -128.0, -131.9, -136.0, -141.7, -138.7, -134.8, -130.1, -126.2, -123.8, -122.7, -124.3, -126.9, -130.2, -134.4, -138.7, -133.5, -132.0, -130.5, -129.8, -130.3, -131.8, -133.3, -134.0, -142.1, -146.6, -148.8, -147.5, -143.4, -138.7, -136.7, -138.0, -140.8, -142.0, -143.1, -143.7, -143.5, -142.6, -141.1, -139.3, -138.3, -137.7, -137.8, -138.7, -140.8, -140.3, -141.2, -143.1, -144.8, -145.4, -144.5, -142.6, -162.8, -167.0, -168.9, -167.4, -163.3, -159.0, -157.1, -158.5, -161.2, -163.3, -164.6, -165.2, -165.0, -164.5, -163.1, -160.3, -158.5, -157.6, -157.9, -159.1, -161.6, -161.0, -161.7, -163.3, -164.9, -165.5, -164.8, -163.1, 733.4, 734.3, 736.2, 738.0, 738.7, 738.2, 735.9, 734.1, 734.9, 733.4, 732.8, 733.7, 736.3, 739.5, 742.5, 739.7, 736.6, 734.4, 733.3, 733.6, 736.0, 736.7, 737.5, 737.9, 737.6, 736.8, 736.0, 735.7, 828.1, 828.1, 829.0, 830.2, 831.2, 831.2, 830.3, 829.2, 829.3, 827.7, 826.8, 827.2, 829.7, 833.1, 836.7, 834.1, 831.3, 829.2, 828.3, 828.7, 830.2, 830.7, 831.0, 831.0, 830.6, 830.1, 829.8, 829.8, -155.3, -113.2, 796.3, 0.210, -0.337, -0.037, 1.97, 0.71, 0.00, 0.84, 0.00, 0.00, 0.18, 1.13, 0.00, 1.64, 2.05, 1.74, 0.00, 0.00, 0.00, 0.16, 0.48, 1.0, 1.0, 0.0, 0.0, 0.0, 0.0, 0.0, 0.0, 0.0, 1.0, 1.0, 1.0, 0.0, 0.0, 0.0, 0.0, 1.0, 1.0
47, 0, 1.919, 0.98, 1, 0.382393, 0.219730, -0.897493, 0.241776, 0.324415, -0.914494, 0.332, 0.292, 423.9, 425.4, 429.6, 434.1, 436.2, 434.9, 430.5, 426.0, 415.7, 419.8, 425.0, 430.4, 435.0, 437.9, 439.7, 437.5, 434.2, 429.9, 425.0, 419.9, 427.9, 429.9, 431.7, 432.3, 431.4, 429.5, 427.6, 427.0, 494.7, 496.6, 500.8, 505.0, 506.6, 504.7, 500.5, 496.0, 490.0, 493.0, 496.9, 501.9, 506.3, 509.4, 511.2, 509.1, 505.9, 502.0, 497.5, 493.1, 498.8, 500.4, 502.0, 502.8, 502.1, 500.5, 498.9, 498.1, 190.5, 185.6, 183.5, 185.4, 190.2, 195.5, 197.3, 195.4, 193.1, 190.9, 189.4, 188.6, 189.5, 191.5, 194.1, 195.4, 195.8, 196.0, 195.7, 194.8, 192.7, 193.5, 192.6, 190.4, 188.3, 187.5, 188.5, 190.6, 188.3, 183.8, 182.0, 183.8, 188.3, 192.7, 194.6, 193.0, 190.0, 187.7, 186.2, 185.6, 186.3, 187.4, 189.5, 191.9, 193.3, 193.8, 193.3, 192.2, 189.9, 190.7, 189.9, 188.2, 186.5, 185.8, 186.5, 188.2, -187.2, -186.2, -183.0, -179.5, -177.7, -178.6, -181.9, -185.5, -194.8, -190.8, -186.2, -181.6, -178.3, -176.4, -175.4, -176.7, -178.9, -182.1, -186.2, -190.7, -184.3, -182.7, -181.3, -180.9, -181.7, -183.2, -184.6, -185.0, -138.6, -136.8, -132.9, -129.1, -127.7, -129.5, -133.5, -137.6, -143.3, -140.2, -136.3, -131.6, -127.8, -125.3, -124.1, -125.8, -128.4, -131.8, -135.9, -140.2, -135.1, -133.6, -132.1, -131.4, -131.9, -133.4, -134.9, -135.6, -146.8, -151.3, -153.5, -152.2, -148.0, -143.3, -141.3, -142.7, -144.9, -146.5, -147.7, -148.5, -148.2, -147.0, -145.3, -143.6, -142.7, -142.2, -142.3, -143.1, -145.4, -144.8, -145.8, -147.7, -149.5, -150.1, -149.1, -147.2, -163.8, -168.0, -170.0, -168.5, -164.4, -160.2, -158.2, -159.5, -162.4, -164.3, -165.6, -166.2, -166.0, -165.6, -164.3, -161.5, -159.6, -158.7, -159.0, -160.2, -162.6, -162.0, -162.8, -164.4, -166.0, -166.6, -165.9, -164.2, 758.1, 759.2, 761.0, 762.5, 762.8, 762.0, 759.8, 758.3, 759.7, 758.2, 757.5, 758.3, 760.7, 763.6, 766.2, 763.5, 760.5, 758.5, 757.7, 758.2, 760.3, 760.9, 761.7, 762.2, 762.1, 761.4, 760.6, 760.2, 834.7, 834.6, 835.4, 836.7, 837.6, 837.7, 836.9, 835.9, 835.9, 834.3, 833.4, 833.8, 836.2, 839.6, 843.3, 840.6, 837.8, 835.8, 834.9, 835.3, 836.7, 837.2, 837.5, 837.5, 837.1, 836.7, 836.3, 836.4, -156.0, -113.2, 797.6, 0.206, -0.336, -0.036, 1.90, 0.94, 0.00, 0.98, 0.12, 0.00, 0.34, 0.87, 0.00, 1.60, 1.81, 1.83, 0.00, 0.00, 0.00, 0.00, 0.45, 1.0, 1.0, 0.0, 0.0, 0.0, 0.0, 0.0, 0.0, 0.0, 1.0, 1.0, 1.0, 0.0, 0.0, 0.0, 0.0, 1.0, 1.0
48, 0, 1.960, 0.98, 1, 0.392584, 0.229158, -0.890710, 0.246821, 0.322331, -0.913883, 0.341, 0.297, 423.5, 425.1, 429.3, 433.7, 435.7, 434.3, 429.9, 425.5, 414.5, 419.0, 424.4, 430.0, 434.5, 437.3, 439.0, 436.9, 433.6, 429.3, 424.3, 419.1, 427.4, 429.3, 431.1, 431.8, 430.9, 429.1, 427.3, 426.6, 494.4, 496.3, 500.6, 504.8, 506.4, 504.5, 500.2, 495.7, 489.6, 492.6, 496.6, 501.5, 506.0, 509.1, 510.8, 508.8, 505.6, 501.7, 497.2, 492.7, 498.5, 500.1, 501.8, 502.5, 501.9, 500.3, 498.6, 497.9, 190.6, 185.6, 183.5, 185.4, 190.4, 195.7, 197.5, 195.6, 192.6, 190.7, 189.3, 188.7, 189.7, 191.6, 194.0, 195.5, 195.9, 196.1, 195.7, 194.6, 192.8, 193.6, 192.7, 190.5, 188.4, 187.6, 188.5, 190.7, 188.2, 183.7, 181.9, 183.8, 188.3, 192.8, 194.6, 193.0, 190.1, 187.7, 186.1, 185.5, 186.2, 187.5, 189.6, 192.0, 193.3, 193.8, 193.3, 192.2, 190.0, 190.7, 190.0, 188.2, 186.5, 185.7, 186.4, 188.2, -184.2, -183.1, -179.9, -176.6, -175.0, -176.0, -179.3, -182.6, -192.2, -188.0, -183.3, -178.7, -175.5, -173.8, -172.9, -174.1, -176.2, -179.4, -183.5, -188.0, -181.4, -180.0, -178.6, -178.1, -178.8, -180.3, -181.6, -182.1, -137.9, -136.1, -132.2, -128.5, -127.1, -128.9, -132.8, -136.9, -142.7, -139.6, -135.7, -131.1, -127.2, -124.8, -123.6, -125.2, -127.8, -131.2, -135.3, -139.6, -134.4, -132.9, -131.4, -130.7, -131.3, -132.7, -134.3, -134.9, -144.1, -148.5, -150.7, -149.4, -145.3, -140.6, -138.6, -140.0, -142.7, -144.1, -145.1, -145.8, -145.4, -144.4, -142.8, -141.0, -140.1, -139.6, -139.7, -140.7, -142.7, -142.1, -143.1, -145.0, -146.8, -147.3, -146.4, -144.5, -162.7, -167.0, -168.9, -167.4, -163.3, -159.0, -157.1, -158.4, -161.2, -163.2, -164.5, -165.2, -165.0, -164.5, -163.1, -160.3, -158.5, -157.6, -157.9, -159.0, -161.5, -160.9, -161.7, -163.3, -164.9, -165.5, -164.8, -163.1, 744.4, 745.3, 747.2, 748.9, 749.4, 748.8, 746.5, 744.9, 745.9, 744.4, 743.8, 744.6, 747.1, 750.2, 753.0, 750.2, 747.1, 745.0, 744.0, 744.5, 746.7, 747.5, 748.3, 748.7, 748.5, 747.8, 747.0, 746.5, 828.9, 829.0, 829.9, 831.2, 832.1, 832.1, 831.1, 830.0, 830.1, 828.6, 827.7, 828.2, 830.7, 834.0, 837.6, 835.0, 832.1, 830.0, 829.1, 829.5, 831.0, 831.5, 831.9, 831.9, 831.6, 831.1, 830.7, 830.7, -156.1, -112.9, 796.1, 0.204, -0.333, -0.035, 1.80, 0.75, 0.00, 0.95, 0.00, 0.00, 0.17, 0.70, 0.00, 1.64, 1.88, 1.89, 0.00, 0.00, 0.00, 0.00, 0.35, 1.0, 1.0, 0.0, 1.0, 0.0, 0.0, 0.0, 0.0, 0.0, 1.0, 1.0, 1.0, 0.0, 0.0, 0.0, 0.0, 1.0, 1.0
49, 0, 2.002, 0.98, 1, 0.417151, 0.227690, -0.879853, 0.234882, 0.320746, -0.917580, 0.348, 0.296, 422.8, 424.7, 429.2, 433.7, 435.6, 433.9, 429.2, 424.7, 412.7, 417.3, 423.2, 429.3, 434.1, 437.1, 438.9, 436.5, 432.9, 428.3, 422.9, 417.3, 426.9, 428.8, 430.7, 431.5, 430.7, 428.8, 426.9, 426.1, 494.2, 496.1, 500.3, 504.3, 505.9, 504.0, 499.8, 495.4, 489.5, 492.4, 496.3, 501.3, 505.7, 508.8, 510.4, 508.4, 505.3, 501.6, 497.1, 492.6, 498.2, 499.7, 501.4, 502.1, 501.5, 499.9, 498.3, 497.6, 190.8, 185.6, 183.3, 185.2, 190.2, 195.8, 197.7, 195.8, 191.9, 189.9, 188.6, 188.1, 189.4, 191.5, 194.2, 195.8, 196.3, 196.4, 195.9, 194.5, 192.7, 193.5, 192.5, 190.4, 188.3, 187.5, 188.4, 190.6, 188.2, 183.8, 182.0, 183.9, 188.4, 192.8, 194.6, 192.9, 190.1, 187.8, 186.2, 185.6, 186.4, 187.6, 189.8, 192.1, 193.4, 193.8, 193.3, 192.3, 189.9, 190.7, 190.0, 188.3, 186.6, 185.8, 186.5, 188.2, -175.2, -173.8, -170.5, -167.3, -166.0, -167.4, -170.7, -174.0, -184.0, -179.8, -174.8, -170.0, -166.7, -165.0, -164.3, -165.6, -167.8, -171.1, -175.3, -179.9, -172.5, -171.2, -169.8, -169.2, -169.7, -171.1, -172.5, -173.0, -139.2, -137.4, -133.6, -129.9, -128.5, -130.3, -134.1, -138.2, -143.9, -140.9, -136.9, -132.3, -128.5, -126.1, -125.0, -126.5, -129.1, -132.3, -136.4, -140.8, -135.7, -134.3, -132.8, -132.1, -132.7, -134.1, -135.6, -136.3, -136.5, -140.8, -142.9, -141.7, -137.8, -133.4, -131.4, -132.6, -136.1, -137.3, -138.2, -138.7, -138.2, -137.1, -135.4, -133.7, -132.7, -132.2, -132.4, -133.7, -135.4, -134.9, -135.8, -137.6, -139.3, -139.8, -138.8, -137.1, -164.0, -168.2, -170.1, -168.6, -164.5, -160.2, -158.3, -159.7, -162.4, -164.3, -165.6, -166.3, -166.2, -165.6, -164.3, -161.5, -159.7, -158.8, -159.1, -160.2, -162.7, -162.1, -162.9, -164.5, -166.1, -166.7, -166.0, -164.3, 705.9, 706.3, 707.8, 709.6, 710.6, 710.6, 708.7, 706.9, 708.3, 706.5, 705.4, 706.0, 708.5, 711.7, 714.7, 712.1, 709.2, 707.1, 706.2, 706.8, 708.4, 709.1, 709.8, 709.9, 709.5, 708.8, 708.1, 708.0, 835.3, 835.5, 836.5, 837.7, 838.5, 838.4, 837.3, 836.3, 836.3, 835.0, 834.1, 834.7, 837.3, 840.7, 844.4, 841.5, 838.6, 836.4, 835.4, 835.8, 837.4, 837.9, 838.2, 838.3, 838.0, 837.5, 837.1, 837.1, -155.7, -112.2, 792.2, 0.206, -0.330, -0.035, 1.76, 0.59, 0.00, 0.66, 0.00, 0.00, 0.33, 0.92, 0.00, 1.53, 1.82, 1.91, 0.00, 0.00, 0.00, 0.00, 0.34, 1.0, 1.0, 0.0, 0.0, 0.0, 0.0, 0.0, 0.0, 0.0, 1.0, 1.0, 1.0, 0.0, 0.0, 0.0, 0.0, 1.0, 1.0
50, 0, 2.044, 0.98, 1, 0.367039, 0.216575, -0.904642, 0.247143, 0.319969, -0.914626, 0.326, 0.287, 422.7, 424.2, 428.5, 432.9, 435.0, 433.7, 429.2, 424.8, 414.2, 418.7, 424.2, 429.6, 433.9, 436.8, 438.6, 436.6, 433.5, 429.4, 424.3, 418.9, 426.7, 428.6, 430.4, 431.1, 430.2, 428.3, 426.5, 425.8, 494.0, 495.8, 499.9, 504.0, 505.6, 503.8, 499.6, 495.2, 489.1, 492.0, 495.9, 500.9, 505.3, 508.4, 510.0, 508.0, 504.9, 501.1, 496.7, 492.2, 497.9, 499.5, 501.1, 501.8, 501.2, 499.6, 498.0, 497.3, 191.2, 186.0, 183.6, 185.3, 190.2, 195.6, 197.7, 196.0, 192.8, 191.1, 189.7, 189.0, 189.7, 191.4, 193.7, 195.9, 197.0, 197.6, 197.2, 195.7, 193.0, 193.7, 192.7, 190.5, 188.4, 187.7, 188.7, 190.9, 188.4, 184.0, 182.2, 184.0, 188.4, 192.8, 194.6, 193.1, 190.1, 187.8, 186.3, 185.7, 186.5, 187.7, 189.9, 192.3, 193.5, 194.0, 193.5, 192.4, 190.1, 190.8, 190.1, 188.4, 186.7, 185.9, 186.6, 188.4, -182.2, -181.0, -177.8, -174.5, -173.0, -174.1, -177.3, -180.6, -189.7, -185.5, -180.8, -176.5, -173.5, -171.8, -170.9, -172.0, -174.0, -176.9, -180.9, -185.5, -179.4, -178.0, -176.6, -176.1, -176.8, -178.2, -179.6, -180.1, -139.6, -137.9, -134.1, -130.4, -129.0, -130.8, -134.6, -138.6, -144.5, -141.5, -137.6, -132.9, -129.1, -126.7, -125.6, -127.1, -129.7, -132.9, -137.1, -141.4, -136.2, -134.8, -133.3, -132.6, -133.2, -134.6, -136.1, -136.8, -141.5, -145.9, -148.3, -147.2, -143.3, -138.7, -136.5, -137.6, -140.4, -141.6, -142.7, -143.4, -143.3, -142.5, -141.2, -138.8, -137.3, -136.4, -136.5, -137.8, -140.5, -140.0, -141.0, -142.9, -144.6, -145.1, -144.0, -142.1, -164.1, -168.4, -170.3, -168.8, -164.7, -160.4, -158.5, -159.8, -162.7, -164.6, -165.9, -166.6, -166.3, -165.8, -164.4, -161.6, -159.8, -159.0, -159.3, -160.4, -162.9, -162.3, -163.0, -164.7, -166.3, -166.9, -166.1, -164.5, 733.4, 734.0, 735.6, 737.4, 738.3, 738.2, 736.2, 734.4, 735.0, 733.6, 732.9, 733.7, 736.3, 739.6, 742.7, 740.2, 737.2, 734.9, 733.7, 733.9, 736.0, 736.7, 737.4, 737.7, 737.3, 736.5, 735.8, 735.6, 836.7, 836.9, 837.9, 839.2, 840.0, 839.8, 838.8, 837.7, 837.8, 836.4, 835.6, 836.1, 838.7, 842.1, 845.8, 842.9, 839.9, 837.7, 836.7, 837.2, 838.8, 839.3, 839.7, 839.8, 839.5, 839.0, 838.6, 838.5, -156.7, -112.7, 796.5, 0.211, -0.331, -0.033, 1.83, 0.80, 0.00, 1.08, 0.00, 0.00, 0.30, 0.76, 0.00, 1.72, 1.81, 1.83, 0.00, 0.00, 0.00, 0.00, 0.38, 1.0, 1.0, 0.0, 0.0, 0.0, 0.0, 0.0, 0.0, 0.0, 1.0, 1.0, 1.0, 0.0, 0.0, 0.0, 0.0, 1.0, 1.0
51, 0, 2.085, 0.98, 1, 0.368496, 0.227744, -0.901301, 0.245464, 0.325764, -0.913031, 0.326, 0.296, 422.1, 423.7, 427.9, 432.4, 434.5, 433.2, 428.7, 424.2, 413.6, 418.0, 423.3, 428.8, 433.4, 436.3, 438.2, 436.0, 432.6, 428.3, 423.3, 418.1, 426.2, 428.1, 429.9, 430.6, 429.7, 427.8, 426.0, 425.3, 493.5, 495.4, 499.6, 503.7, 505.2, 503.3, 499.1, 494.6, 488.5, 491.5, 495.5, 500.5, 504.9, 508.0, 509.7, 507.6, 504.5, 500.7, 496.1, 491.6, 497.4, 499.0, 500.6, 501.4, 500.8, 499.2, 497.6, 496.8, 191.4, 186.4, 184.1, 185.9, 190.8, 196.1, 198.0, 196.2, 193.2, 191.4, 190.1, 189.5, 190.4, 192.2, 194.5, 196.1, 196.6, 196.8, 196.5, 195.4, 193.3, 194.1, 193.1, 191.0, 189.0, 188.2, 189.1, 191.3, 188.7, 184.3, 182.5, 184.4, 188.9, 193.4, 195.1, 193.5, 190.7, 188.3, 186.7, 186.1, 186.8, 188.1, 190.3, 192.7, 194.0, 194.5, 194.0, 192.9, 190.5, 191.2, 190.5, 188.8, 187.1, 186.3, 187.0, 188.7, -187.1, -186.0, -182.7, -179.2, -177.6, -178.6, -182.0, -185.5, -194.9, -190.7, -185.9, -181.4, -178.1, -176.2, -175.3, -176.6, -178.8, -182.0, -186.1, -190.7, -184.2, -182.7, -181.3, -180.8, -181.5, -183.0, -184.4, -184.9, -138.8, -137.0, -133.1, -129.5, -128.1, -129.9, -133.8, -137.9, -143.6, -140.6, -136.7, -132.1, -128.2, -125.8, -124.8, -126.3, -128.9, -132.2, -136.3, -140.6, -135.4, -134.0, -132.5, -131.8, -132.3, -133.7, -135.2, -135.9, -144.8, -149.3, -151.6, -150.3, -146.2, -141.5, -139.5, -140.8, -143.7, -144.9, -145.8, -146.5, -146.2, -145.2, -143.8, -141.9, -140.9, -140.3, -140.4, -141.5, -143.6, -143.0, -144.0, -145.9, -147.6, -148.2, -147.2, -145.3, -162.2, -166.5, -168.3, -166.8, -162.7, -158.4, -156.6, -157.9, -160.6, -162.6, -163.9, -164.6, -164.4, -163.8, -162.4, -159.6, -157.8, -157.0, -157.3, -158.4, -161.0, -160.4, -161.1, -162.7, -164.3, -164.9, -164.2, -162.6, 751.5, 752.3, 753.9, 755.5, 756.0, 755.6, 753.6, 752.0, 753.4, 751.8, 750.9, 751.6, 754.0, 757.1, 760.0, 757.3, 754.3, 752.2, 751.3, 751.9, 753.8, 754.4, 755.1, 755.5, 755.2, 754.6, 753.9, 753.6, 828.7, 828.8, 829.9, 831.2, 832.0, 831.9, 830.9, 829.7, 829.8, 828.4, 827.6, 828.1, 830.6, 834.1, 837.7, 835.0, 832.0, 829.9, 828.9, 829.3, 830.8, 831.3, 831.7, 831.8, 831.4, 830.9, 830.5, 830.5, -156.7, -111.9, 794.2, 0.214, -0.325, -0.033, 1.92, 0.89, 0.00, 1.26, 0.00, 0.00, 0.33, 1.08, 0.00, 1.57, 1.80, 1.82, 0.00, 0.00, 0.00, 0.12, 0.40, 1.0, 1.0, 0.0, 1.0, 0.0, 0.0, 0.0, 0.0, 0.0, 1.0, 1.0, 1.0, 0.0, 0.0, 0.0, 0.0, 1.0, 1.0
52, 0, 2.127, 0.98, 1, 0.358439, 0.244546, -0.900954, 0.248344, 0.334106, -0.909230, 0.323, 0.309, 422.0, 423.7, 428.1, 432.6, 434.6, 433.1, 428.5, 424.0, 413.7, 418.1, 423.5, 429.0, 433.5, 436.5, 438.3, 436.2, 432.9, 428.6, 423.5, 418.2, 426.1, 428.0, 429.9, 430.7, 429.8, 427.9, 426.0, 425.3, 493.5, 495.4, 499.7, 503.7, 505.2, 503.3, 499.0, 494.6, 488.4, 491.4, 495.4, 500.4, 504.9, 507.9, 509.6, 507.6, 504.4, 500.5, 496.0, 491.5, 497.4, 499.0, 500.6, 501.4, 500.8, 499.2, 497.6, 496.8, 191.8, 186.7, 184.6, 186.5, 191.5, 196.9, 198.7, 196.8, 193.5, 191.9, 190.7, 190.2, 191.0, 192.8, 195.0, 196.6, 197.1, 197.3, 196.9, 195.7, 193.9, 194.8, 193.8, 191.7, 189.5, 188.7, 189.6, 191.8, 189.2, 184.8, 183.0, 184.9, 189.4, 193.8, 195.6, 194.0, 191.0, 188.8, 187.3, 186.7, 187.4, 188.5, 190.5, 193.0, 194.4, 195.0, 194.5, 193.3, 190.9, 191.6, 191.0, 189.3, 187.5, 186.8, 187.5, 189.2, -185.4, -184.2, -180.9, -177.4, -175.8, -177.0, -180.4, -183.9, -193.0, -188.8, -184.0, -179.5, -176.3, -174.5, -173.6, -174.8, -176.9, -180.1, -184.2, -188.8, -182.5, -181.0, -179.6, -179.1, -179.7, -181.2, -182.7, -183.2, -138.6, -136.8, -132.9, -129.3, -128.0, -129.9, -133.8, -137.8, -143.6, -140.5, -136.6, -131.9, -128.1, -125.8, -124.7, -126.3, -128.8, -132.1, -136.3, -140.6, -135.3, -133.9, -132.4, -131.7, -132.1, -133.5, -135.0, -135.7, -143.1, -147.6, -149.8, -148.4, -144.2, -139.5, -137.6, -139.0, -142.0, -143.1, -143.9, -144.5, -144.3, -143.4, -142.1, -140.2, -139.1, -138.5, -138.7, -139.8, -141.7, -141.1, -142.1, -144.0, -145.8, -146.4, -145.4, -143.5, -161.6, -165.7, -167.6, -166.1, -162.0, -157.9, -156.0, -157.3, -160.1, -161.9, -163.1, -163.8, -163.7, -163.3, -162.1, -159.2, -157.3, -156.4, -156.7, -157.8, -160.4, -159.8, -160.5, -162.1, -163.7, -164.3, -163.6, -161.9, 744.4, 745.2, 746.9, 748.5, 749.0, 748.6, 746.5, 745.0, 746.1, 744.6, 743.9, 744.6, 747.1, 750.2, 753.1, 750.4, 747.3, 745.2, 744.2, 744.7, 746.7, 747.4, 748.1, 748.5, 748.2, 747.6, 746.8, 746.5, 827.7, 827.7, 828.7, 830.1, 831.1, 831.1, 830.2, 829.0, 829.0, 827.5, 826.6, 827.1, 829.7, 833.2, 836.9, 834.2, 831.3, 829.2, 828.1, 828.5, 829.9, 830.5, 830.9, 830.9, 830.5, 829.9, 829.5, 829.6, -156.5, -111.2, 792.7, 0.223, -0.323, -0.030, 1.67, 0.84, 0.13, 1.21, 0.02, 0.00, 0.42, 0.92, 0.00, 1.52, 1.71, 1.73, 0.00, 0.00, 0.00, 0.02, 0.35, 1.0, 1.0, 0.0, 1.0, 0.0, 0.0, 0.0, 0.0, 0.0, 1.0, 1.0, 1.0, 0.0, 0.0, 0.0, 0.0, 1.0, 1.0
53, 0, 2.169, 0.98, 1, 0.328957, 0.271101, -0.904595, 0.248787, 0.346515, -0.904452, 0.309, 0.329, 421.2, 423.0, 427.7, 432.6, 434.9, 433.4, 428.4, 423.5, 413.8, 417.6, 422.5, 428.2, 433.6, 437.6, 440.6, 437.6, 433.3, 428.3, 423.0, 417.9, 426.1, 428.1, 430.1, 430.8, 429.9, 427.8, 425.9, 425.1, 493.4, 495.4, 499.6, 503.7, 505.2, 503.3, 499.0, 494.5, 488.4, 491.4, 495.4, 500.3, 504.8, 507.9, 509.6, 507.6, 504.4, 500.5, 496.0, 491.5, 497.4, 499.0, 500.6, 501.4, 500.8, 499.2, 497.5, 496.8, 192.8, 187.8, 185.4, 187.1, 191.8, 197.1, 199.2, 197.5, 193.6, 192.7, 191.9, 191.4, 191.6, 192.3, 193.4, 195.9, 197.3, 198.1, 197.9, 196.5, 194.3, 195.0, 194.0, 191.9, 189.9, 189.2, 190.2, 192.3, 189.7, 185.3, 183.5, 185.5, 190.0, 194.4, 196.1, 194.5, 191.5, 189.3, 187.8, 187.2, 187.9, 189.0, 191.1, 193.6, 194.9, 195.5, 195.0, 193.8, 191.5, 192.2, 191.5, 189.8, 188.1, 187.3, 188.0, 189.7, -183.7, -182.0, -178.0, -174.1, -172.5, -174.0, -178.2, -182.2, -191.1, -187.1, -182.3, -177.3, -173.2, -170.3, -168.5, -170.6, -173.8, -177.8, -182.4, -187.0, -180.1, -178.4, -176.7, -176.0, -176.7, -178.3, -180.0, -180.7, -139.0, -137.1, -133.2, -129.6, -128.3, -130.1, -134.0, -138.1, -143.9, -140.9, -136.9, -132.3, -128.4, -126.0, -124.9, -126.5, -129.1, -132.4, -136.6, -140.9, -135.6, -134.1, -132.6, -131.9, -132.4, -133.8, -135.4, -136.1, -140.5, -144.5, -146.4, -145.1, -141.4, -137.2, -135.4, -136.7, -140.6, -140.7, -140.9, -141.2, -141.3, -141.2, -140.8, -138.4, -136.8, -136.0, -136.3, -137.7, -139.5, -139.0, -139.8, -141.4, -143.0, -143.5, -142.7, -141.1, -161.4, -165.6, -167.5, -165.9, -161.8, -157.6, -155.8, -157.1, -159.9, -161.8, -163.1, -163.7, -163.6, -163.1, -161.8, -159.0, -157.1, -156.2, -156.5, -157.7, -160.2, -159.6, -160.3, -161.9, -163.5, -164.1, -163.4, -161.8, 734.9, 734.0, 733.8, 734.5, 735.7, 737.0, 736.9, 736.1, 739.2, 736.0, 733.6, 732.6, 733.9, 736.5, 739.4, 737.7, 735.8, 735.0, 735.4, 737.0, 736.5, 736.7, 736.7, 736.3, 735.8, 735.5, 735.5, 736.0, 829.5, 829.5, 830.5, 831.9, 832.8, 832.8, 831.8, 830.7, 830.7, 829.2, 828.4, 828.8, 831.3, 834.8, 838.5, 835.8, 832.9, 830.7, 829.8, 830.2, 831.7, 832.2, 832.6, 832.6, 832.2, 831.7, 831.3, 831.3, -155.5, -110.0, 787.5, 0.231, -0.320, -0.027, 1.67, 0.90, 0.00, 0.83, 0.05, 0.00, 0.38, 1.18, 0.00, 1.64, 1.69, 1.86, 0.00, 0.00, 0.00, 0.22, 0.35, 1.0, 1.0, 0.0, 1.0, 0.0, 0.0, 0.0, 0.0, 0.0, 1.0, 1.0, 1.0, 0.0, 0.0, 0.0, 0.0, 1.0, 1.0
54, 0, 2.211, 0.98, 1, 0.361849, 0.222911, -0.905194, 0.242152, 0.334457, -0.910770, 0.321, 0.298, 421.9, 423.2, 427.3, 431.9, 434.1, 433.0, 428.7, 424.1, 414.2, 418.0, 422.9, 428.3, 432.9, 436.0, 437.9, 435.8, 432.4, 428.2, 423.2, 418.3, 426.0, 428.0, 429.7, 430.3, 429.3, 427.4, 425.6, 425.1, 493.1, 495.0, 499.2, 503.2, 504.8, 502.9, 498.7, 494.3, 488.3, 491.2, 495.2, 500.1, 504.6, 507.7, 509.4, 507.3, 504.1, 500.3, 495.8, 491.4, 497.1, 498.6, 500.3, 501.0, 500.4, 498.8, 497.2, 496.5, 192.6, 187.7, 185.5, 187.2, 191.9, 197.1, 198.9, 197.2, 195.7, 193.5, 191.8, 190.9, 191.6, 193.6, 196.1, 197.3, 197.7, 198.0, 197.9, 197.2, 194.5, 195.2, 194.3, 192.3, 190.3, 189.6, 190.5, 192.5, 189.8, 185.5, 183.7, 185.5, 189.9, 194.3, 196.1, 194.5, 191.6, 189.4, 188.0, 187.4, 188.0, 189.2, 191.3, 193.8, 195.2, 195.6, 195.1, 193.9, 191.5, 192.2, 191.6, 189.8, 188.1, 187.4, 188.1, 189.8, -192.7, -191.8, -188.6, -184.9, -182.9, -183.6, -187.0, -190.7, -199.9, -196.2, -191.6, -187.0, -183.5, -181.4, -180.3, -181.6, -183.9, -187.2, -191.4, -195.9, -189.5, -187.9, -186.6, -186.2, -187.0, -188.6, -190.0, -190.4, -140.3, -138.5, -134.6, -130.9, -129.6, -131.4, -135.3, -139.3, -145.1, -142.0, -138.1, -133.5, -129.6, -127.2, -126.1, -127.7, -130.3, -133.6, -137.7, -142.1, -136.8, -135.4, -133.9, -133.2, -133.7, -135.2, -136.7, -137.4, -147.9, -152.5, -154.7, -153.5, -149.3, -144.5, -142.5, -143.8, -145.5, -147.2, -148.5, -149.4, -149.2, -148.0, -146.2, -144.7, -143.8, -143.2, -143.1, -143.8, -146.6, -146.0, -147.0, -148.9, -150.7, -151.2, -150.2, -148.3, -162.5, -166.7, -168.6, -167.0, -163.0, -158.8, -156.9, -158.2, -161.0, -162.8, -164.1, -164.7, -164.6, -164.1, -162.9, -159.9, -158.0, -157.2, -157.5, -158.7, -161.3, -160.7, -161.4, -163.0, -164.6, -165.2, -164.5, -162.9, 773.1, 774.2, 775.9, 777.2, 777.3, 776.5, 774.4, 773.1, 774.8, 773.3, 772.5, 773.2, 775.4, 778.2, 780.6, 778.1, 775.2, 773.2, 772.6, 773.3, 775.1, 775.6, 776.3, 776.8, 776.8, 776.3, 775.5, 775.0, 835.6, 835.6, 836.5, 837.8, 838.6, 838.6, 837.7, 836.7, 836.8, 835.3, 834.4, 834.8, 837.4, 840.8, 844.5, 841.8, 838.9, 836.8, 835.8, 836.2, 837.6, 838.1, 838.5, 838.5, 838.1, 837.7, 837.3, 837.3, -156.9, -110.4, 792.9, 0.236, -0.325, -0.026, 1.63, 0.94, 0.00, 0.76, 0.00, 0.00, 0.52, 1.23, 0.00, 1.73, 1.83, 1.97, 0.00, 0.00, 0.00, 0.00, 0.57, 1.0, 1.0, 0.0, 0.0, 0.0, 0.0, 0.0, 0.0, 0.0, 1.0, 1.0, 1.0, 0.0, 0.0, 0.0, 0.0, 1.0, 1.0
55, 0, 2.252, 0.98, 1, 0.380576, 0.245347, -0.891609, 0.241281, 0.344408, -0.907286, 0.333, 0.317, 421.5, 423.1, 427.3, 431.8, 433.9, 432.5, 428.1, 423.6, 412.4, 417.0, 422.6, 428.2, 432.6, 435.5, 437.3, 435.3, 432.0, 427.7, 422.6, 417.1, 425.5, 427.4, 429.2, 429.9, 429.0, 427.1, 425.3, 424.7, 492.8, 494.7, 499.0, 503.1, 504.7, 502.7, 498.5, 494.0, 487.8, 490.9, 494.9, 500.0, 504.4, 507.4, 509.1, 507.1, 503.9, 500.1, 495.5, 491.0, 496.8, 498.4, 500.0, 500.8, 500.2, 498.6, 496.9, 496.2, 192.8, 187.7, 185.4, 187.4, 192.3, 197.8, 199.7, 197.8, 194.7, 193.1, 191.8, 191.2, 192.1, 193.9, 196.0, 197.6, 198.1, 198.3, 198.0, 196.9, 194.9, 195.7, 194.7, 192.6, 190.5, 189.7, 190.6, 192.8, 190.0, 185.5, 183.7, 185.6, 190.1, 194.6, 196.4, 194.8, 191.7, 189.5, 188.0, 187.4, 188.1, 189.3, 191.3, 193.9, 195.3, 195.8, 195.3, 194.1, 191.7, 192.4, 191.7, 190.0, 188.3, 187.5, 188.3, 190.0, -182.5, -181.5, -178.4, -175.0, -173.4, -174.5, -177.6, -181.0, -190.6, -186.3, -181.6, -177.1, -174.0, -172.3, -171.5, -172.5, -174.5, -177.6, -181.6, -186.2, -179.8, -178.4, -177.1, -176.6, -177.3, -178.7, -180.0, -180.5, -138.1, -136.3, -132.4, -128.8, -127.5, -129.3, -133.1, -137.2, -142.9, -139.8, -135.9, -131.3, -127.5, -125.2, -124.2, -125.7, -128.2, -131.4, -135.5, -139.9, -134.7, -133.3, -131.8, -131.1, -131.6, -133.0, -134.5, -135.2, -139.7, -144.1, -146.4, -145.2, -141.1, -136.4, -134.3, -135.6, -138.4, -139.5, -140.5, -141.1, -140.9, -140.0, -138.7, -136.8, -135.8, -135.2, -135.3, -136.3, -138.4, -137.9, -138.8, -140.7, -142.5, -143.0, -142.0, -140.1, -159.4, -163.7, -165.6, -164.1, -160.0, -155.8, -153.9, -155.2, -158.0, -159.9, -161.1, -161.7, -161.6, -161.2, -160.0, -157.1, -155.1, -154.2, -154.5, -155.7, -158.3, -157.7, -158.4, -160.0, -161.6, -162.2, -161.4, -159.8, 731.1, 732.0, 733.9, 735.7, 736.3, 735.7, 733.5, 731.7, 732.6, 731.1, 730.6, 731.4, 734.0, 737.2, 740.2, 737.4, 734.2, 732.0, 730.9, 731.2, 733.6, 734.3, 735.1, 735.5, 735.2, 734.5, 733.7, 733.3, 820.7, 820.7, 821.7, 823.1, 824.1, 824.1, 823.1, 821.9, 821.7, 820.3, 819.5, 820.1, 822.7, 826.2, 829.9, 827.2, 824.2, 822.0, 820.9, 821.3, 822.9, 823.4, 823.8, 823.8, 823.4, 822.9, 822.5, 822.5, -156.4, -109.7, 788.7, 0.240, -0.322, -0.024, 1.93, 0.85, 0.00, 0.81, 0.00, 0.00, 0.54, 1.00, 0.00, 1.67, 1.73, 1.95, 0.00, 0.00, 0.00, 0.06, 0.41, 1.0, 1.0, 0.0, 0.0, 0.0, 0.0, 0.0, 0.0, 0.0, 1.0, 1.0, 1.0, 0.0, 0.0, 0.0, 0.0, 1.0, 1.0
56, 0, 2.294, 0.98, 1, 0.376218, 0.251961, -0.891614, 0.246678, 0.346404, -0.905071, 0.334, 0.321, 421.0, 422.6, 426.9, 431.5, 433.6, 432.2, 427.6, 423.1, 411.9, 416.5, 422.1, 427.7, 432.3, 435.3, 437.1, 435.0, 431.7, 427.3, 422.1, 416.6, 425.1, 427.0, 428.9, 429.6, 428.7, 426.7, 424.9, 424.2, 492.6, 494.6, 498.9, 503.1, 504.6, 502.6, 498.3, 493.7, 487.5, 490.6, 494.7, 499.8, 504.3, 507.3, 508.8, 506.9, 503.8, 499.9, 495.3, 490.7, 496.6, 498.2, 499.8, 500.6, 500.0, 498.4, 496.8, 496.0, 193.1, 187.9, 185.6, 187.6, 192.6, 198.1, 200.0, 198.1, 194.9, 193.2, 191.8, 191.3, 192.2, 194.1, 196.3, 197.9, 198.3, 198.5, 198.1, 197.1, 195.2, 196.0, 195.0, 192.8, 190.7, 189.8, 190.8, 193.0, 190.1, 185.5, 183.7, 185.7, 190.3, 194.9, 196.7, 195.0, 191.9, 189.6, 188.0, 187.5, 188.2, 189.4, 191.6, 194.0, 195.4, 196.0, 195.4, 194.2, 191.9, 192.6, 191.9, 190.2, 188.4, 187.7, 188.3, 190.1, -182.0, -180.9, -177.7, -174.4, -172.7, -173.8, -177.1, -180.5, -190.1, -185.8, -181.0, -176.5, -173.3, -171.5, -170.7, -171.8, -173.9, -177.0, -181.1, -185.7, -179.2, -177.8, -176.4, -175.9, -176.6, -178.1, -179.4, -179.9, -135.9, -134.1, -130.3, -126.7, -125.5, -127.3, -131.1, -135.1, -140.8, -137.7, -133.8, -129.2, -125.5, -123.3, -122.4, -123.8, -126.2, -129.4, -133.4, -137.8, -132.6, -131.2, -129.8, -129.1, -129.6, -130.9, -132.4, -133.1, -138.7, -143.2, -145.5, -144.2, -140.1, -135.4, -133.4, -134.7, -137.6, -138.7, -139.7, -140.3, -140.0, -139.0, -137.7, -135.9, -135.0, -134.4, -134.5, -135.5, -137.5, -136.9, -137.9, -139.8, -141.5, -142.1, -141.1, -139.2, -156.7, -160.9, -162.8, -161.3, -157.2, -152.9, -151.0, -152.3, -155.1, -157.0, -158.3, -159.0, -158.9, -158.4, -157.1, -154.3, -152.4, -151.5, -151.8, -152.9, -155.5, -154.9, -155.6, -157.2, -158.8, -159.4, -158.7, -157.0, 727.3, 728.2, 730.0, 731.6, 732.2, 731.7, 729.6, 727.9, 729.0, 727.5, 726.8, 727.6, 730.1, 733.2, 736.2, 733.4, 730.3, 728.1, 727.1, 727.5, 729.7, 730.4, 731.2, 731.6, 731.3, 730.6, 729.8, 729.4, 806.8, 806.9, 808.1, 809.6, 810.6, 810.4, 809.2, 807.9, 807.6, 806.4, 805.7, 806.4, 809.1, 812.7, 816.4, 813.6, 810.5, 808.2, 807.0, 807.2, 809.1, 809.7, 810.1, 810.2, 809.8, 809.2, 808.8, 808.7, -156.2, -109.3, 786.6, 0.242, -0.323, -0.023, 1.95, 0.78, 0.00, 0.93, 0.00, 0.00, 0.49, 1.15, 0.00, 1.78, 1.70, 2.03, 0.00, 0.00, 0.00, 0.00, 0.41, 1.0, 1.0, 0.0, 0.0, 0.0, 0.0, 0.0, 0.0, 0.0, 1.0, 1.0, 1.0, 0.0, 0.0, 0.0, 0.0, 1.0, 1.0
57, 0, 2.336, 0.98, 1, 0.374956, 0.246020, -0.893802, 0.239254, 0.350915, -0.905327, 0.329, 0.320, 420.6, 422.1, 426.4, 431.0, 433.1, 431.8, 427.3, 422.7, 411.6, 416.1, 421.6, 427.2, 431.7, 434.8, 436.7, 434.5, 431.2, 426.9, 421.7, 416.3, 424.7, 426.6, 428.5, 429.1, 428.2, 426.3, 424.4, 423.8, 492.2, 494.2, 498.5, 502.6, 504.1, 502.1, 497.8, 493.3, 487.3, 490.3, 494.3, 499.4, 503.8, 506.9, 508.5, 506.5, 503.4, 499.5, 495.0, 490.4, 496.2, 497.7, 499.4, 500.2, 499.6, 498.0, 496.3, 495.6, 193.0, 187.9, 185.7, 187.6, 192.5, 198.0, 199.9, 198.0, 195.1, 193.3, 191.9, 191.3, 192.2, 194.1, 196.3, 197.8, 198.3, 198.5, 198.2, 197.2, 195.1, 195.9, 195.0, 192.8, 190.7, 189.8, 190.8, 193.0, 190.1, 185.6, 183.9, 185.9, 190.4, 194.9, 196.7, 195.0, 192.0, 189.6, 188.1, 187.5, 188.2, 189.5, 191.6, 194.0, 195.4, 195.9, 195.4, 194.2, 191.9, 192.7, 192.0, 190.3, 188.5, 187.7, 188.4, 190.2, -184.2, -183.2, -180.0, -176.5, -174.9, -175.8, -179.1, -182.5, -192.2, -188.0, -183.2, -178.7, -175.5, -173.7, -172.7, -173.9, -176.0, -179.1, -183.2, -187.8, -181.3, -179.9, -178.5, -178.1, -178.8, -180.3, -181.6, -182.1, -138.3, -136.5, -132.6, -129.0, -127.7, -129.6, -133.5, -137.5, -143.1, -140.1, -136.2, -131.5, -127.8, -125.5, -124.4, -125.9, -128.4, -131.7, -135.8, -140.1, -135.0, -133.6, -132.1, -131.4, -131.9, -133.3, -134.8, -135.5, -140.2, -144.7, -146.9, -145.6, -141.5, -136.8, -134.8, -136.1, -138.8, -140.0, -141.0, -141.6, -141.4, -140.4, -139.0, -137.2, -136.3, -135.7, -135.7, -136.7, -138.9, -138.3, -139.3, -141.2, -142.9, -143.5, -142.5, -140.6, -159.0, -163.2, -165.1, -163.5, -159.4, -155.1, -153.3, -154.7, -157.5, -159.4, -160.7, -161.3, -161.2, -160.7, -159.4, -156.5, -154.7, -153.8, -154.1, -155.2, -157.7, -157.1, -157.8, -159.5, -161.1, -161.7, -161.0, -159.3, 734.6, 735.6, 737.4, 739.0, 739.5, 738.8, 736.7, 735.1, 736.3, 734.8, 734.1, 734.8, 737.2, 740.3, 743.2, 740.4, 737.4, 735.3, 734.3, 734.8, 736.9, 737.6, 738.4, 738.8, 738.6, 737.9, 737.1, 736.7, 818.9, 819.1, 820.1, 821.5, 822.4, 822.3, 821.2, 820.0, 819.9, 818.6, 817.8, 818.4, 821.0, 824.5, 828.1, 825.4, 822.4, 820.2, 819.1, 819.4, 821.1, 821.7, 822.1, 822.1, 821.8, 821.2, 820.8, 820.8, -156.7, -109.3, 787.1, 0.243, -0.317, -0.024, 1.97, 0.65, 0.00, 0.71, 0.00, 0.00, 0.50, 1.15, 0.00, 1.44, 1.63, 1.92, 0.00, 0.00, 0.00, 0.00, 0.38, 1.0, 1.0, 0.0, 0.0, 0.0, 0.0, 0.0, 0.0, 0.0, 1.0, 1.0, 1.0, 0.0, 0.0, 0.0, 0.0, 1.0, 1.0
58, 0, 2.377, 0.98, 1, 0.377007, 0.254481, -0.890564, 0.221571, 0.346590, -0.911472, 0.321, 0.322, 419.6, 421.5, 426.1, 430.8, 432.7, 431.0, 426.2, 421.6, 410.2, 414.8, 420.7, 426.6, 431.4, 434.5, 436.3, 434.0, 430.4, 425.7, 420.3, 414.8, 423.9, 425.8, 427.7, 428.5, 427.7, 425.8, 423.9, 423.1, 491.5, 493.4, 497.7, 501.8, 503.4, 501.4, 497.2, 492.6, 486.8, 489.8, 493.8, 498.8, 503.3, 506.3, 508.0, 506.0, 502.8, 499.0, 494.5, 489.9, 495.5, 497.1, 498.7, 499.5, 498.9, 497.3, 495.6, 494.9, 192.8, 187.6, 185.3, 187.4, 192.5, 198.1, 200.0, 197.9, 193.8, 192.1, 190.9, 190.6, 191.9, 194.1, 196.8, 198.2, 198.5, 198.5, 197.9, 196.5, 194.8, 195.7, 194.8, 192.6, 190.5, 189.6, 190.6, 192.7, 190.0, 185.6, 183.7, 185.6, 190.1, 194.6, 196.4, 194.8, 191.8, 189.6, 188.1, 187.5, 188.1, 189.2, 191.2, 193.8, 195.3, 195.9, 195.4, 194.2, 191.7, 192.4, 191.7, 190.0, 188.3, 187.6, 188.3, 190.0, -178.4, -177.0, -173.6, -170.2, -168.8, -170.1, -173.6, -177.0, -186.6, -182.4, -177.4, -172.7, -169.5, -167.7, -166.9, -168.2, -170.4, -173.7, -177.8, -182.5, -175.5, -174.1, -172.7, -172.1, -172.7, -174.1, -175.5, -176.0, -139.4, -137.6, -133.7, -130.0, -128.7, -130.5, -134.4, -138.5, -144.0, -140.9, -137.0, -132.4, -128.6, -126.3, -125.3, -126.7, -129.3, -132.5, -136.6, -141.0, -136.0, -134.6, -133.1, -132.4, -132.9, -134.3, -135.8, -136.5, -135.3, -139.7, -141.8, -140.4, -136.4, -131.8, -129.9, -131.3, -134.9, -136.0, -136.8, -137.2, -136.6, -135.3, -133.7, -132.0, -131.3, -130.9, -131.2, -132.5, -134.1, -133.5, -134.4, -136.2, -137.9, -138.4, -137.6, -135.8, -159.5, -163.7, -165.6, -164.1, -160.0, -155.8, -153.9, -155.3, -158.0, -159.8, -161.1, -161.7, -161.7, -161.4, -160.2, -157.2, -155.2, -154.3, -154.5, -155.7, -158.3, -157.8, -158.5, -160.1, -161.7, -162.2, -161.5, -159.9, 708.1, 708.7, 710.2, 711.8, 712.5, 712.3, 710.4, 708.9, 710.5, 708.8, 707.8, 708.4, 710.9, 713.9, 716.8, 714.2, 711.3, 709.2, 708.3, 708.9, 710.5, 711.1, 711.7, 712.0, 711.7, 711.0, 710.4, 710.2, 821.2, 821.1, 822.1, 823.4, 824.4, 824.4, 823.5, 822.4, 822.2, 820.8, 819.9, 820.5, 823.1, 826.6, 830.3, 827.6, 824.7, 822.5, 821.5, 821.8, 823.3, 823.8, 824.2, 824.2, 823.8, 823.3, 822.9, 822.9, -156.7, -109.0, 784.6, 0.245, -0.316, -0.021, 1.84, 0.69, 0.00, 0.75, 0.00, 0.00, 0.43, 1.17, 0.00, 1.59, 1.63, 1.85, 0.00, 0.00, 0.00, 0.00, 0.34, 1.0, 1.0, 0.0, 1.0, 0.0, 0.0, 0.0, 0.0, 0.0, 1.0, 1.0, 1.0, 0.0, 0.0, 0.0, 0.0, 1.0, 1.0
59, 0, 2.419, 0.98, 1, 0.380573, 0.262356, -0.886754, 0.239669, 0.352434, -0.904627, 0.333, 0.331, 419.3, 421.2, 425.8, 430.4, 432.4, 430.8, 426.0, 421.3, 409.9, 414.4, 420.2, 426.0, 430.8, 434.0, 436.0, 433.7, 430.0, 425.4, 419.9, 414.4, 423.6, 425.5, 427.5, 428.3, 427.4, 425.5, 423.5, 422.7, 491.2, 493.2, 497.5, 501.6, 503.1, 501.1, 496.8, 492.3, 486.1, 489.2, 493.3, 498.3, 502.8, 505.8, 507.5, 505.5, 502.3, 498.5, 493.9, 489.3, 495.2, 496.8, 498.4, 499.2, 498.6, 497.0, 495.4, 494.6, 193.1, 187.9, 185.5, 187.4, 192.4, 198.0, 200.0, 198.1, 193.9, 192.2, 191.0, 190.7, 191.8, 193.8, 196.3, 197.9, 198.4, 198.5, 198.0, 196.6, 195.0, 195.8, 194.8, 192.6, 190.5, 189.7, 190.7, 192.9, 190.1, 185.5, 183.8, 185.8, 190.4, 194.9, 196.7, 195.0, 191.9, 189.6, 188.1, 187.5, 188.2, 189.4, 191.6, 194.1, 195.5, 195.9, 195.4, 194.2, 191.9, 192.7, 192.0, 190.2, 188.5, 187.7, 188.4, 190.1, -179.6, -178.2, -174.8, -171.4, -169.9, -171.3, -174.8, -178.2, -188.0, -183.8, -178.8, -174.2, -170.8, -168.9, -168.0, -169.3, -171.7, -175.0, -179.2, -183.9, -176.7, -175.3, -173.8, -173.2, -173.8, -175.3, -176.7, -177.3, -138.2, -136.3, -132.5, -128.9, -127.6, -129.5, -133.3, -137.3, -143.1, -140.0, -136.1, -131.5, -127.7, -125.5, -124.5, -125.9, -128.4, -131.6, -135.7, -140.0, -134.8, -133.4, -132.0, -131.3, -131.7, -133.1, -134.6, -135.3, -135.9, -140.2, -142.4, -141.1, -137.2, -132.6, -130.7, -131.9, -135.7, -136.7, -137.4, -137.8, -137.4, -136.3, -134.8, -133.0, -132.1, -131.7, -131.9, -133.2, -134.7, -134.2, -135.1, -137.0, -138.6, -139.1, -138.2, -136.4, -157.8, -162.0, -163.9, -162.3, -158.2, -153.9, -152.1, -153.4, -156.3, -158.1, -159.4, -160.1, -159.9, -159.5, -158.2, -155.3, -153.5, -152.6, -152.9, -154.0, -156.5, -155.9, -156.6, -158.3, -159.9, -160.5, -159.7, -158.1, 712.2, 712.5, 713.9, 715.5, 716.4, 716.4, 714.7, 713.1, 714.7, 712.9, 711.8, 712.3, 714.7, 717.7, 720.7, 718.2, 715.3, 713.3, 712.4, 713.1, 714.5, 715.2, 715.8, 715.9, 715.5, 714.9, 714.3, 714.1, 812.4, 812.6, 813.7, 815.2, 816.1, 815.9, 814.8, 813.5, 813.4, 812.1, 811.4, 812.0, 814.7, 818.2, 821.9, 819.1, 816.0, 813.8, 812.7, 813.0, 814.7, 815.2, 815.7, 815.7, 815.4, 814.8, 814.4, 814.3, -157.2, -109.1, 785.5, 0.244, -0.311, -0.023, 1.98, 0.74, 0.00, 1.07, 0.00, 0.00, 0.50, 1.01, 0.00, 1.45, 1.56, 1.81, 0.00, 0.00, 0.00, 0.00, 0.30, 1.0, 1.0, 0.0, 1.0, 0.0, 0.0, 0.0, 0.0, 0.0, 1.0, 1.0, 1.0, 0.0, 0.0, 0.0, 0.0, 1.0, 1.0
60, 0, 2.461, 0.98, 1, 0.375626, 0.264460, -0.888237, 0.240773, 0.344740, -0.907294, 0.331, 0.327, 418.6, 420.4, 425.0, 429.7, 431.7, 430.1, 425.3, 420.6, 409.3, 413.9, 419.7, 425.5, 430.2, 433.4, 435.3, 433.0, 429.4, 424.7, 419.3, 413.8, 422.9, 424.8, 426.8, 427.5, 426.7, 424.7, 422.8, 422.0, 490.7, 492.7, 497.0, 501.1, 502.7, 500.7, 496.4, 491.9, 485.7, 488.7, 492.8, 497.8, 502.3, 505.4, 507.1, 505.0, 501.9, 498.0, 493.4, 488.8, 494.7, 496.3, 498.0, 498.8, 498.2, 496.6, 494.9, 494.1, 192.8, 187.6, 185.4, 187.5, 192.7, 198.3, 200.1, 198.0, 193.9, 192.1, 190.8, 190.5, 191.8, 194.0, 196.6, 198.2, 198.4, 198.4, 197.8, 196.4, 195.0, 195.9, 195.0, 192.8, 190.6, 189.8, 190.7, 192.9, 189.9, 185.4, 183.6, 185.6, 190.2, 194.7, 196.5, 194.8, 191.8, 189.4, 187.9, 187.3, 188.1, 189.3, 191.6, 194.0, 195.3, 195.8, 195.3, 194.1, 191.7, 192.5, 191.8, 190.1, 188.3, 187.5, 188.2, 190.0, -179.6, -178.4, -175.0, -171.6, -170.1, -171.3, -174.7, -178.1, -187.8, -183.6, -178.7, -174.2, -170.9, -169.0, -168.1, -169.3, -171.6, -174.8, -179.0, -183.6, -176.7, -175.3, -173.9, -173.4, -174.0, -175.5, -176.8, -177.4, -139.3, -137.5, -133.7, -130.1, -128.7, -130.5, -134.4, -138.4, -144.2, -141.2, -137.3, -132.7, -128.9, -126.5, -125.5, -126.9, -129.5, -132.7, -136.8, -141.2, -135.9, -134.5, -133.0, -132.3, -132.9, -134.3, -135.8, -136.5, -135.6, -140.0, -142.2, -140.7, -136.6, -132.0, -130.1, -131.5, -135.2, -136.4, -137.3, -137.6, -137.0, -135.8, -134.1, -132.4, -131.6, -131.2, -131.6, -132.8, -134.3, -133.7, -134.6, -136.4, -138.2, -138.7, -137.9, -136.0, -158.7, -163.0, -164.9, -163.3, -159.2, -154.9, -153.0, -154.4, -157.2, -159.2, -160.5, -161.1, -160.9, -160.4, -159.0, -156.2, -154.3, -153.5, -153.8, -154.9, -157.5, -156.8, -157.6, -159.2, -160.8, -161.4, -160.7, -159.1, 710.0, 710.8, 712.5, 714.0, 714.5, 714.0, 712.0, 710.5, 712.1, 710.6, 709.7, 710.4, 712.8, 715.8, 718.5, 715.8, 712.8, 710.7, 709.8, 710.4, 712.2, 712.9, 713.6, 713.9, 713.7, 713.1, 712.4, 712.0, 816.7, 817.0, 818.1, 819.4, 820.2, 820.0, 818.9, 817.7, 817.8, 816.4, 815.7, 816.2, 818.8, 822.2, 825.8, 823.1, 820.1, 817.9, 816.8, 817.2, 818.9, 819.4, 819.8, 819.9, 819.6, 819.1, 818.7, 818.6, -157.6, -109.0, 785.0, 0.242, -0.311, -0.024, 2.09, 0.86, 0.00, 1.25, 0.00, 0.00, 0.61, 0.96, 0.00, 1.33, 1.44, 1.62, 0.00, 0.00, 0.00, 0.00, 0.26, 1.0, 1.0, 0.0, 1.0, 0.0, 0.0, 1.0, 0.0, 0.0, 1.0, 1.0, 1.0, 0.0, 0.0, 0.0, 0.0, 1.0, 1.0
61, 0, 2.502, 0.98, 1, 0.366469, 0.265846, -0.891643, 0.238513, 0.338721, -0.910154, 0.324, 0.324, 418.3, 420.0, 424.3, 428.8, 430.9, 429.4, 424.9, 420.4, 409.9, 414.2, 419.5, 424.9, 429.4, 432.5, 434.3, 432.2, 428.9, 424.5, 419.5, 414.3, 422.4, 424.3, 426.2, 426.9, 426.0, 424.1, 422.3, 421.6, 489.7, 491.6, 495.9, 500.1, 501.7, 499.7, 495.4, 490.9, 484.7, 487.7, 491.9, 496.9, 501.4, 504.4, 506.1, 504.1, 501.0, 497.1, 492.5, 487.9, 493.7, 495.3, 497.0, 497.7, 497.1, 495.5, 493.8, 493.1, 192.9, 187.9, 185.7, 187.7, 192.7, 198.1, 199.8, 197.8, 194.7, 193.0, 191.7, 191.2, 192.0, 193.8, 196.0, 197.6, 198.1, 198.3, 197.9, 196.8, 195.0, 195.9, 195.0, 192.9, 190.8, 189.9, 190.8, 192.9, 189.8, 185.3, 183.4, 185.4, 190.1, 194.6, 196.4, 194.7, 191.8, 189.4, 187.9, 187.3, 188.0, 189.3, 191.5, 193.9, 195.2, 195.7, 195.2, 194.0, 191.7, 192.4, 191.7, 190.0, 188.2, 187.4, 188.1, 189.9, -190.2, -189.0, -185.7, -182.2, -180.6, -181.7, -185.1, -188.5, -197.9, -193.7, -189.0, -184.6, -181.3, -179.4, -178.4, -179.6, -181.8, -185.0, -189.1, -193.7, -187.2, -185.8, -184.4, -183.9, -184.6, -186.0, -187.4, -187.9, -139.0, -137.3, -133.5, -129.9, -128.5, -130.3, -134.1, -138.1, -143.8, -140.8, -136.9, -132.3, -128.6, -126.3, -125.3, -126.7, -129.1, -132.3, -136.4, -140.7, -135.7, -134.3, -132.8, -132.1, -132.6, -134.0, -135.5, -136.2, -143.4, -147.9, -150.1, -148.6, -144.4, -139.7, -137.8, -139.2, -142.1, -143.3, -144.3, -144.9, -144.6, -143.6, -142.2, -140.4, -139.4, -138.8, -139.0, -140.0, -142.0, -141.4, -142.3, -144.2, -146.0, -146.6, -145.6, -143.7, -157.4, -161.7, -163.6, -162.0, -157.9, -153.6, -151.7, -153.0, -155.8, -157.7, -159.0, -159.7, -159.5, -159.0, -157.7, -154.9, -153.1, -152.2, -152.5, -153.6, -156.1, -155.5, -156.2, -157.9, -159.5, -160.1, -159.4, -157.7, 750.7, 751.7, 753.5, 755.0, 755.5, 754.8, 752.7, 751.1, 752.4, 750.9, 750.2, 750.9, 753.3, 756.3, 759.1, 756.4, 753.3, 751.2, 750.3, 750.9, 753.0, 753.6, 754.4, 754.8, 754.7, 754.0, 753.2, 752.8, 809.3, 809.6, 810.8, 812.2, 812.9, 812.6, 811.4, 810.3, 810.2, 809.0, 808.3, 809.0, 811.6, 815.1, 818.8, 815.9, 812.8, 810.5, 809.4, 809.7, 811.5, 812.0, 812.5, 812.6, 812.3, 811.8, 811.3, 811.2, -158.9, -109.4, 787.8, 0.239, -0.315, -0.023, 1.92, 0.90, 0.07, 1.17, 0.04, 0.00, 0.52, 1.13, 0.00, 1.46, 1.41, 1.80, 0.00, 0.00, 0.00, 0.18, 0.37, 1.0, 1.0, 0.0, 1.0, 0.0, 0.0, 0.0, 0.0, 0.0, 1.0, 1.0, 1.0, 0.0, 0.0, 0.0, 0.0, 1.0, 1.0
62, 0, 2.544, 0.98, 1, 0.380956, 0.257755, -0.887939, 0.240583, 0.341852, -0.908436, 0.333, 0.322, 417.4, 419.1, 423.5, 428.0, 430.0, 428.5, 423.9, 419.4, 408.2, 412.8, 418.3, 424.0, 428.5, 431.6, 433.4, 431.2, 427.8, 423.4, 418.2, 412.8, 421.5, 423.4, 425.2, 425.9, 425.1, 423.2, 421.3, 420.6, 488.8, 490.8, 495.1, 499.1, 500.7, 498.7, 494.4, 490.0, 483.8, 486.8, 490.9, 495.9, 500.4, 503.5, 505.1, 503.1, 499.9, 496.1, 491.5, 486.9, 492.8, 494.4, 496.0, 496.8, 496.2, 494.6, 492.9, 492.2, 192.9, 187.7, 185.3, 187.1, 192.1, 197.6, 199.7, 197.8, 194.2, 192.7, 191.6, 191.1, 192.0, 193.6, 195.7, 197.3, 197.9, 198.2, 197.8, 196.6, 194.7, 195.5, 194.5, 192.3, 190.2, 189.5, 190.5, 192.7, 189.5, 185.1, 183.3, 185.2, 189.8, 194.3, 196.1, 194.4, 191.4, 189.1, 187.6, 187.0, 187.7, 189.0, 191.2, 193.6, 195.0, 195.4, 194.9, 193.7, 191.3, 192.1, 191.4, 189.7, 187.9, 187.1, 187.8, 189.6, -186.1, -184.8, -181.6, -178.2, -176.8, -178.0, -181.4, -184.7, -194.3, -190.1, -185.2, -180.7, -177.4, -175.7, -174.8, -176.1, -178.2, -181.4, -185.5, -190.1, -183.4, -181.9, -180.6, -180.0, -180.6, -182.0, -183.4, -184.0, -140.9, -139.2, -135.4, -131.8, -130.5, -132.3, -136.1, -140.1, -145.8, -142.8, -138.9, -134.3, -130.5, -128.2, -127.2, -128.7, -131.2, -134.4, -138.5, -142.8, -137.6, -136.2, -134.7, -134.0, -134.5, -135.9, -137.4, -138.1, -139.7, -144.2, -146.5, -145.3, -141.3, -136.7, -134.6, -135.8, -139.0, -139.9, -140.7, -141.2, -141.0, -140.2, -139.0, -137.2, -136.1, -135.5, -135.6, -136.8, -138.7, -138.2, -139.1, -141.0, -142.7, -143.2, -142.2, -140.3, -158.9, -163.1, -165.0, -163.5, -159.4, -155.1, -153.3, -154.6, -157.4, -159.2, -160.5, -161.2, -161.0, -160.5, -159.2, -156.4, -154.5, -153.7, -154.0, -155.1, -157.7, -157.1, -157.8, -159.4, -161.0, -161.6, -160.9, -159.3, 731.6, 732.1, 733.7, 735.5, 736.4, 736.3, 734.4, 732.6, 733.6, 731.9, 731.1, 731.7, 734.2, 737.4, 740.5, 737.8, 734.9, 732.7, 731.7, 732.2, 734.2, 734.9, 735.6, 735.8, 735.4, 734.6, 734.0, 733.8, 815.8, 816.0, 817.1, 818.4, 819.3, 819.1, 818.1, 816.9, 816.9, 815.5, 814.7, 815.3, 818.0, 821.5, 825.2, 822.4, 819.4, 817.1, 816.0, 816.4, 818.0, 818.5, 818.9, 819.0, 818.7, 818.1, 817.7, 817.6, -159.3, -109.3, 786.2, 0.239, -0.314, -0.025, 2.04, 0.81, 0.00, 1.20, 0.00, 0.00, 0.44, 1.30, 0.00, 1.18, 1.42, 1.81, 0.00, 0.00, 0.00, 0.18, 0.35, 1.0, 1.0, 0.0, 1.0, 0.0, 0.0, 0.0, 0.0, 0.0, 1.0, 1.0, 1.0, 0.0, 0.0, 0.0, 0.0, 1.0, 1.0
63, 0, 2.586, 0.98, 1, 0.406693, 0.261847, -0.875235, 0.241100, 0.340134, -0.908944, 0.348, 0.325, 416.0, 418.0, 422.5, 427.1, 428.9, 427.1, 422.4, 417.9, 406.0, 410.7, 416.6, 422.5, 427.2, 430.2, 432.0, 429.7, 426.2, 421.5, 416.1, 410.5, 420.2, 422.0, 423.9, 424.7, 423.9, 422.1, 420.2, 419.4, 487.6, 489.6, 493.9, 498.0, 499.5, 497.6, 493.3, 488.8, 482.5, 485.6, 489.7, 494.8, 499.2, 502.2, 503.8, 501.8, 498.8, 494.9, 490.3, 485.7, 491.6, 493.2, 494.8, 495.6, 495.0, 493.4, 491.8, 491.0, 192.2, 186.9, 184.7, 186.8, 192.0, 197.6, 199.5, 197.4, 192.9, 191.2, 190.2, 190.0, 191.3, 193.3, 195.8, 197.4, 197.8, 197.7, 197.1, 195.6, 194.3, 195.1, 194.2, 192.1, 190.0, 189.1, 190.0, 192.1, 189.2, 184.7, 182.9, 184.9, 189.5, 194.1, 195.9, 194.2, 191.1, 188.8, 187.3, 186.7, 187.5, 188.7, 190.9, 193.3, 194.7, 195.2, 194.6, 193.5, 191.1, 191.8, 191.1, 189.4, 187.6, 186.8, 187.5, 189.3, -180.0, -178.6, -175.4, -172.2, -170.9, -172.3, -175.6, -178.8, -188.7, -184.5, -179.5, -175.0, -171.8, -170.1, -169.3, -170.5, -172.7, -175.9, -180.0, -184.6, -177.3, -176.0, -174.7, -174.1, -174.7, -176.0, -177.3, -177.9, -140.5, -138.7, -134.9, -131.4, -130.1, -131.9, -135.7, -139.6, -145.4, -142.3, -138.4, -133.8, -130.2, -128.0, -127.1, -128.5, -130.9, -134.0, -138.0, -142.4, -137.2, -135.9, -134.4, -133.7, -134.2, -135.6, -137.0, -137.7, -134.9, -139.2, -141.4, -140.0, -136.0, -131.4, -129.5, -130.9, -134.7, -135.7, -136.4, -136.7, -136.2, -135.1, -133.7, -131.9, -131.0, -130.6, -131.0, -132.3, -133.7, -133.2, -134.0, -135.8, -137.4, -138.0, -137.1, -135.3, -157.5, -161.7, -163.6, -162.1, -157.9, -153.7, -151.8, -153.1, -155.9, -157.8, -159.0, -159.7, -159.6, -159.1, -157.8, -155.0, -153.1, -152.2, -152.5, -153.6, -156.2, -155.6, -156.3, -158.0, -159.6, -160.2, -159.4, -157.8, 703.3, 703.9, 705.7, 707.5, 708.4, 708.1, 706.0, 704.1, 705.4, 703.8, 703.0, 703.8, 706.3, 709.5, 712.4, 709.7, 706.6, 704.4, 703.4, 703.9, 705.9, 706.6, 707.3, 707.6, 707.3, 706.5, 705.8, 705.5, 806.8, 807.0, 808.3, 809.8, 810.7, 810.4, 809.2, 807.9, 807.6, 806.4, 805.7, 806.5, 809.3, 812.8, 816.5, 813.7, 810.6, 808.2, 807.0, 807.2, 809.1, 809.7, 810.2, 810.2, 809.9, 809.3, 808.8, 808.7, -160.4, -109.4, 785.2, 0.233, -0.308, -0.026, 1.76, 0.71, 0.03, 1.37, 0.00, 0.00, 0.47, 1.18, 0.00, 1.41, 1.41, 1.79, 0.00, 0.00, 0.00, 0.11, 0.21, 1.0, 1.0, 0.0, 1.0, 0.0, 0.0, 0.0, 0.0, 0.0, 1.0, 1.0, 1.0, 0.0, 0.0, 0.0, 0.0, 1.0, 1.0
64, 0, 2.628, 0.98, 1, 0.405190, 0.266478, -0.874534, 0.239238, 0.337899, -0.910269, 0.346, 0.327, 414.7, 416.7, 421.4, 426.0, 427.8, 426.0, 421.1, 416.5, 404.7, 409.3, 415.3, 421.2, 426.0, 429.1, 431.0, 428.6, 424.9, 420.2, 414.7, 409.1, 418.9, 420.8, 422.7, 423.5, 422.8, 420.9, 419.0, 418.1, 486.6, 488.5, 492.8, 497.0, 498.5, 496.5, 492.3, 487.7, 481.5, 484.5, 488.7, 493.7, 498.2, 501.2, 502.8, 500.8, 497.7, 493.9, 489.3, 484.7, 490.6, 492.2, 493.8, 494.6, 494.0, 492.4, 490.7, 490.0, 192.5, 187.2, 184.8, 186.8, 191.9, 197.5, 199.5, 197.6, 192.7, 191.2, 190.3, 190.1, 191.2, 193.2, 195.6, 197.2, 197.7, 197.8, 197.2, 195.5, 194.3, 195.1, 194.1, 191.9, 189.9, 189.1, 190.0, 192.2, 189.2, 184.7, 182.9, 184.9, 189.5, 194.0, 195.8, 194.1, 191.1, 188.8, 187.3, 186.7, 187.4, 188.7, 190.8, 193.3, 194.7, 195.2, 194.6, 193.5, 191.0, 191.8, 191.1, 189.4, 187.6, 186.8, 187.5, 189.3, -180.7, -179.1, -175.7, -172.4, -171.3, -172.8, -176.3, -179.5, -189.4, -185.1, -180.1, -175.4, -172.2, -170.5, -169.7, -171.1, -173.3, -176.6, -180.8, -185.4, -177.9, -176.6, -175.2, -174.6, -175.1, -176.4, -177.8, -178.4, -142.2, -140.4, -136.7, -133.1, -131.8, -133.6, -137.4, -141.3, -147.1, -144.0, -140.1, -135.5, -131.8, -129.6, -128.7, -130.1, -132.5, -135.7, -139.7, -144.1, -138.9, -137.5, -136.1, -135.4, -135.9, -137.3, -138.7, -139.4, -134.3, -138.6, -140.8, -139.6, -135.7, -131.2, -129.3, -130.5, -134.6, -135.5, -136.0, -136.3, -135.8, -134.8, -133.5, -131.7, -130.8, -130.3, -130.6, -132.1, -133.4, -132.9, -133.8, -135.5, -137.1, -137.6, -136.7, -134.9, -158.3, -162.5, -164.5, -162.9, -158.8, -154.6, -152.7, -154.0, -156.7, -158.6, -159.9, -160.6, -160.4, -160.0, -158.7, -155.8, -154.0, -153.1, -153.3, -154.5, -157.1, -156.5, -157.2, -158.8, -160.4, -161.0, -160.3, -158.7, 701.6, 701.8, 703.2, 705.0, 706.2, 706.5, 704.7, 702.8, 704.0, 702.2, 701.1, 701.7, 704.2, 707.4, 710.5, 708.0, 705.1, 703.0, 702.1, 702.6, 704.2, 705.0, 705.5, 705.6, 705.1, 704.3, 703.8, 703.7, 811.2, 811.4, 812.5, 814.0, 814.9, 814.7, 813.5, 812.3, 812.1, 810.8, 810.1, 810.8, 813.5, 817.0, 820.7, 817.9, 814.8, 812.5, 811.4, 811.7, 813.4, 814.0, 814.4, 814.5, 814.2, 813.6, 813.1, 813.1, -161.3, -109.3, 784.9, 0.231, -0.307, -0.028, 2.01, 0.79, 0.00, 1.48, 0.00, 0.00, 0.43, 1.02, 0.00, 1.42, 1.34, 1.77, 0.00, 0.00, 0.00, 0.17, 0.20, 1.0, 1.0, 0.0, 1.0, 0.0, 0.0, 0.0, 0.0, 0.0, 1.0, 1.0, 1.0, 0.0, 0.0, 0.0, 0.0, 1.0, 1.0
65, 0, 2.669, 0.98, 1, 0.328090, 0.318549, -0.889316, 0.247731, 0.344711, -0.905430, 0.310, 0.354, 412.3, 414.2, 419.3, 424.5, 426.9, 425.4, 420.0, 414.7, 404.5, 408.4, 413.7, 419.6, 425.2, 429.6, 432.8, 429.6, 424.9, 419.6, 413.9, 408.6, 417.5, 419.7, 421.8, 422.6, 421.6, 419.4, 417.3, 416.5, 485.4, 487.2, 491.5, 495.6, 497.2, 495.3, 491.1, 486.6, 480.2, 483.2, 487.2, 492.3, 496.7, 499.8, 501.5, 499.5, 496.4, 492.6, 488.0, 483.4, 489.3, 490.9, 492.6, 493.3, 492.7, 491.1, 489.4, 488.7, 192.8, 187.7, 185.2, 186.9, 191.7, 197.0, 199.2, 197.5, 191.8, 191.0, 190.5, 190.2, 190.6, 191.4, 192.7, 195.5, 197.0, 197.8, 197.3, 195.3, 194.1, 194.8, 193.8, 191.7, 189.6, 188.9, 190.0, 192.1, 189.3, 184.7, 182.9, 184.9, 189.4, 193.9, 195.8, 194.1, 190.9, 188.5, 187.0, 186.4, 187.3, 188.7, 191.0, 193.3, 194.6, 195.0, 194.5, 193.3, 191.1, 191.8, 191.1, 189.4, 187.6, 186.8, 187.6, 189.3, -180.5, -178.6, -174.5, -170.5, -169.0, -170.7, -175.1, -179.1, -187.9, -183.9, -179.1, -174.1, -170.0, -167.2, -165.3, -167.5, -170.9, -174.9, -179.6, -184.1, -176.8, -175.2, -173.4, -172.6, -173.2, -174.9, -176.7, -177.5, -144.5, -142.8, -139.1, -135.5, -134.1, -135.8, -139.5, -143.5, -149.5, -146.5, -142.6, -138.0, -134.2, -131.9, -130.9, -132.3, -134.8, -138.0, -142.0, -146.4, -141.2, -139.8, -138.3, -137.7, -138.2, -139.6, -141.1, -141.7, -132.6, -136.4, -138.2, -137.0, -133.5, -129.7, -127.9, -129.1, -134.2, -134.2, -134.1, -134.1, -134.1, -133.9, -133.4, -131.0, -129.4, -128.7, -129.2, -131.0, -131.8, -131.4, -132.1, -133.7, -135.2, -135.6, -134.9, -133.3, -159.6, -163.9, -165.8, -164.3, -160.1, -155.8, -153.9, -155.2, -158.2, -160.2, -161.5, -162.1, -161.9, -161.2, -159.8, -157.0, -155.2, -154.4, -154.7, -155.9, -158.3, -157.7, -158.5, -160.1, -161.7, -162.3, -161.6, -159.9, 693.8, 692.3, 691.8, 692.6, 694.3, 696.2, 696.3, 695.5, 698.1, 694.9, 692.3, 691.2, 692.5, 695.1, 698.0, 696.7, 695.1, 694.4, 694.8, 696.3, 695.4, 695.8, 695.5, 694.9, 694.2, 693.9, 694.1, 694.7, 817.8, 818.1, 819.3, 820.7, 821.5, 821.1, 819.9, 818.7, 818.6, 817.4, 816.7, 817.4, 820.0, 823.4, 827.1, 824.1, 821.0, 818.8, 817.6, 818.0, 820.0, 820.5, 821.0, 821.1, 820.8, 820.3, 819.8, 819.7, -161.7, -108.9, 780.8, 0.227, -0.305, -0.025, 1.61, 0.62, 0.00, 1.28, 0.00, 0.00, 0.46, 1.04, 0.00, 1.78, 1.69, 1.91, 0.00, 0.00, 0.00, 0.78, 0.15, 1.0, 1.0, 0.0, 1.0, 0.0, 0.0, 0.0, 0.0, 0.0, 1.0, 1.0, 1.0, 0.0, 0.0, 0.0, 1.0, 1.0, 1.0
66, 0, 2.711, 0.98, 1, 0.329347, 0.321688, -0.887720, 0.234931, 0.344709, -0.908836, 0.304, 0.355, 410.8, 412.7, 417.8, 423.1, 425.4, 423.9, 418.4, 413.2, 403.0, 406.9, 412.1, 418.0, 423.7, 428.1, 431.3, 428.1, 423.3, 417.9, 412.3, 407.0, 416.0, 418.2, 420.3, 421.1, 420.1, 417.9, 415.8, 415.0, 483.8, 485.6, 489.8, 493.9, 495.6, 493.8, 489.7, 485.1, 478.7, 481.8, 486.0, 491.0, 495.4, 498.3, 499.8, 498.1, 495.1, 491.4, 486.9, 482.1, 487.8, 489.4, 491.0, 491.7, 491.0, 489.4, 487.8, 487.2, 192.8, 187.8, 185.5, 187.2, 192.0, 197.2, 199.3, 197.6, 191.8, 191.1, 190.6, 190.4, 190.8, 191.7, 193.0, 195.7, 197.2, 197.9, 197.4, 195.3, 194.2, 194.9, 193.9, 191.9, 189.9, 189.2, 190.1, 192.2, 189.3, 184.7, 182.8, 184.7, 189.4, 194.0, 195.9, 194.3, 190.9, 188.6, 187.1, 186.5, 187.3, 188.6, 190.9, 193.3, 194.5, 195.0, 194.4, 193.3, 191.1, 191.9, 191.1, 189.4, 187.6, 186.9, 187.6, 189.3, -181.7, -179.8, -175.6, -171.6, -170.2, -171.9, -176.3, -180.3, -189.1, -185.1, -180.3, -175.3, -171.2, -168.3, -166.4, -168.7, -172.1, -176.2, -180.8, -185.4, -178.0, -176.3, -174.6, -173.8, -174.4, -176.0, -177.8, -178.6, -144.0, -142.5, -138.9, -135.3, -133.8, -135.4, -139.0, -143.0, -148.8, -145.8, -141.9, -137.4, -133.9, -131.7, -130.9, -132.0, -134.2, -137.2, -141.2, -145.6, -140.8, -139.4, -138.0, -137.4, -138.0, -139.3, -140.7, -141.3, -132.5, -136.2, -137.9, -136.7, -133.3, -129.5, -127.8, -129.1, -134.3, -134.2, -134.0, -133.9, -133.8, -133.6, -133.1, -130.8, -129.3, -128.6, -129.1, -131.0, -131.7, -131.2, -132.0, -133.5, -134.9, -135.4, -134.7, -133.2, -157.4, -161.8, -163.8, -162.3, -158.2, -153.8, -151.8, -153.0, -156.1, -158.0, -159.3, -160.0, -159.8, -159.3, -157.8, -155.0, -153.3, -152.4, -152.7, -153.7, -156.2, -155.6, -156.4, -158.1, -159.7, -160.2, -159.5, -157.8, 693.8, 692.1, 691.5, 692.3, 694.0, 696.0, 696.2, 695.5, 698.2, 694.9, 692.2, 691.0, 692.3, 694.8, 697.7, 696.5, 694.9, 694.3, 694.8, 696.3, 695.3, 695.6, 695.4, 694.7, 694.0, 693.7, 693.9, 694.6, 806.9, 807.5, 808.9, 810.4, 811.1, 810.5, 809.1, 807.7, 807.4, 806.4, 806.0, 806.9, 809.8, 813.3, 817.0, 813.8, 810.5, 808.0, 806.6, 806.8, 809.2, 809.8, 810.4, 810.6, 810.3, 809.7, 809.2, 809.0, -163.1, -108.9, 781.4, 0.227, -0.302, -0.026, 1.62, 0.66, 0.00, 1.28, 0.00, 0.00, 0.39, 1.10, 0.00, 1.76, 1.64, 1.88, 0.00, 0.00, 0.00, 0.68, 0.26, 1.0, 1.0, 0.0, 1.0, 0.0, 0.0, 0.0, 0.0, 0.0, 1.0, 1.0, 1.0, 0.0, 0.0, 0.0, 1.0, 1.0, 1.0
67, 0, 2.753, 0.98, 1, 0.346772, 0.313277, -0.884085, 0.255055, 0.349443, -0.901575, 0.325, 0.355, 409.6, 411.5, 416.6, 421.8, 424.1, 422.5, 417.1, 411.9, 401.3, 405.3, 410.6, 416.6, 422.2, 426.6, 429.7, 426.5, 421.8, 416.4, 410.7, 405.4, 414.8, 416.9, 418.9, 419.7, 418.8, 416.7, 414.6, 413.8, 482.7, 484.5, 488.7, 492.8, 494.5, 492.7, 488.4, 483.9, 477.1, 480.2, 484.4, 489.4, 493.9, 497.0, 498.6, 496.7, 493.7, 489.9, 485.2, 480.5, 486.6, 488.2, 489.8, 490.6, 489.9, 488.3, 486.7, 486.0, 193.0, 187.9, 185.5, 187.2, 192.0, 197.2, 199.4, 197.7, 191.8, 191.2, 190.9, 190.7, 191.1, 192.0, 193.2, 195.9, 197.4, 198.1, 197.6, 195.5, 194.2, 194.9, 194.0, 191.9, 190.0, 189.3, 190.3, 192.3, 189.5, 184.9, 183.1, 185.1, 189.7, 194.3, 196.2, 194.5, 191.0, 188.7, 187.2, 186.6, 187.5, 189.0, 191.4, 193.6, 194.8, 195.2, 194.6, 193.4, 191.4, 192.2, 191.5, 189.7, 187.9, 187.1, 187.8, 189.6, -182.5, -180.5, -176.5, -172.6, -171.2, -172.9, -177.2, -181.1, -190.2, -186.2, -181.3, -176.3, -172.2, -169.4, -167.6, -169.9, -173.2, -177.3, -181.9, -186.5, -178.8, -177.2, -175.6, -174.8, -175.4, -176.9, -178.6, -179.4, -144.9, -143.4, -139.7, -136.1, -134.7, -136.3, -140.0, -144.0, -150.1, -147.1, -143.2, -138.7, -135.0, -132.7, -131.8, -133.1, -135.4, -138.5, -142.5, -147.0, -141.7, -140.3, -138.9, -138.3, -138.8, -140.2, -141.6, -142.2, -132.3, -136.0, -137.8, -136.7, -133.2, -129.4, -127.7, -128.8, -134.0, -133.9, -133.7, -133.6, -133.5, -133.4, -133.0, -130.6, -129.0, -128.4, -128.9, -130.8, -131.6, -131.1, -131.9, -133.4, -134.8, -135.2, -134.5, -133.0, -157.0, -161.4, -163.4, -161.9, -157.7, -153.3, -151.3, -152.6, -155.8, -157.7, -159.0, -159.7, -159.4, -158.7, -157.2, -154.5, -152.8, -152.0, -152.3, -153.4, -155.7, -155.1, -155.9, -157.6, -159.2, -159.8, -159.1, -157.4, 693.0, 691.5, 691.1, 692.0, 693.7, 695.6, 695.6, 694.7, 697.5, 694.2, 691.6, 690.6, 692.0, 694.6, 697.6, 696.2, 694.5, 693.8, 694.2, 695.6, 694.7, 695.0, 694.9, 694.3, 693.6, 693.2, 693.4, 694.0, 806.0, 806.6, 808.0, 809.5, 810.2, 809.6, 808.2, 806.9, 806.7, 805.6, 805.1, 805.9, 808.6, 812.0, 815.7, 812.6, 809.4, 807.0, 805.7, 806.1, 808.3, 808.9, 809.4, 809.7, 809.4, 808.8, 808.3, 808.1, -164.2, -108.6, 780.4, 0.230, -0.300, -0.025, 1.83, 0.65, 0.00, 1.22, 0.00, 0.00, 0.44, 1.28, 0.00, 1.75, 1.63, 1.91, 0.00, 0.00, 0.00, 0.60, 0.25, 1.0, 1.0, 0.0, 1.0, 0.0, 0.0, 0.0, 0.0, 0.0, 1.0, 1.0, 1.0, 0.0, 0.0, 0.0, 1.0, 1.0, 1.0
68, 0, 2.794, 0.98, 1, 0.342734, 0.322482, -0.882348, 0.246955, 0.342673, -0.906415, 0.318, 0.356, 408.0, 410.0, 415.0, 420.2, 422.5, 420.9, 415.5, 410.3, 399.7, 403.7, 409.1, 415.1, 420.8, 425.1, 428.2, 425.0, 420.3, 414.9, 409.1, 403.8, 413.2, 415.3, 417.3, 418.1, 417.2, 415.1, 413.0, 412.2, 481.1, 482.9, 487.0, 491.1, 492.8, 491.0, 486.9, 482.4, 475.8, 478.8, 482.9, 487.9, 492.4, 495.4, 497.0, 495.1, 492.1, 488.3, 483.8, 479.1, 485.0, 486.6, 488.3, 488.9, 488.3, 486.7, 485.1, 484.4, 193.2, 188.2, 185.8, 187.4, 192.2, 197.4, 199.6, 197.9, 192.0, 191.4, 191.0, 190.8, 191.2, 192.0, 193.2, 195.9, 197.5, 198.1, 197.7, 195.6, 194.4, 195.1, 194.1, 192.1, 190.2, 189.5, 190.5, 192.5, 189.5, 185.0, 183.2, 185.1, 189.7, 194.2, 196.0, 194.4, 191.1, 188.8, 187.2, 186.7, 187.6, 189.1, 191.6, 193.8, 194.9, 195.2, 194.6, 193.5, 191.4, 192.1, 191.4, 189.7, 187.9, 187.1, 187.8, 189.6, -183.2, -181.3, -177.2, -173.3, -171.9, -173.7, -178.0, -181.9, -191.0, -186.9, -182.0, -177.0, -172.9, -170.2, -168.4, -170.6, -173.9, -178.0, -182.6, -187.2, -179.6, -178.0, -176.4, -175.6, -176.1, -177.7, -179.3, -180.1, -148.3, -146.7, -143.1, -139.5, -138.0, -139.6, -143.2, -147.2, -153.4, -150.4, -146.5, -141.9, -138.2, -136.0, -135.0, -136.3, -138.6, -141.7, -145.7, -150.2, -145.0, -143.6, -142.2, -141.6, -142.2, -143.6, -145.0, -145.6, -131.7, -135.4, -137.2, -136.1, -132.7, -129.0, -127.2, -128.3, -133.5, -133.4, -133.2, -133.2, -133.1, -133.0, -132.6, -130.2, -128.7, -128.0, -128.4, -130.3, -131.1, -130.6, -131.4, -132.9, -134.2, -134.7, -134.0, -132.5, -159.1, -163.5, -165.4, -163.9, -159.7, -155.3, -153.4, -154.7, -157.7, -159.7, -161.0, -161.7, -161.4, -160.7, -159.0, -156.3, -154.7, -154.0, -154.3, -155.4, -157.8, -157.2, -157.9, -159.6, -161.3, -161.9, -161.1, -159.4, 691.1, 689.5, 689.0, 690.0, 691.9, 693.9, 693.9, 692.9, 695.4, 692.1, 689.6, 688.6, 690.0, 692.7, 695.8, 694.4, 692.7, 691.9, 692.2, 693.6, 692.8, 693.2, 693.0, 692.4, 691.6, 691.2, 691.4, 692.1, 816.6, 817.3, 818.7, 820.0, 820.5, 819.9, 818.5, 817.3, 817.3, 816.2, 815.7, 816.5, 819.2, 822.5, 826.2, 822.9, 819.8, 817.4, 816.2, 816.6, 818.8, 819.3, 819.8, 820.1, 819.9, 819.4, 818.8, 818.6, -165.7, -108.7, 781.4, 0.228, -0.298, -0.025, 1.75, 0.58, 0.00, 1.28, 0.00, 0.00, 0.45, 1.10, 0.00, 1.89, 1.68, 1.94, 0.00, 0.00, 0.00, 0.78, 0.32, 1.0, 1.0, 0.0, 1.0, 0.0, 0.0, 0.0, 0.0, 0.0, 1.0, 1.0, 1.0, 0.0, 0.0, 0.0, 1.0, 1.0, 1.0
69, 0, 2.836, 0.98, 1, 0.346054, 0.309484, -0.885701, 0.252794, 0.345015, -0.903914, 0.323, 0.351, 406.7, 408.7, 413.8, 419.0, 421.3, 419.7, 414.2, 409.0, 398.1, 402.3, 407.8, 413.9, 419.6, 423.9, 427.0, 423.8, 419.1, 413.6, 407.8, 402.4, 411.9, 414.0, 416.0, 416.8, 415.9, 413.8, 411.8, 411.0, 479.9, 481.6, 485.8, 490.0, 491.6, 489.9, 485.7, 481.1, 474.5, 477.6, 481.6, 486.7, 491.1, 494.1, 495.8, 493.9, 490.9, 487.1, 482.5, 477.8, 483.8, 485.4, 487.0, 487.7, 487.1, 485.5, 483.9, 483.2, 193.0, 187.9, 185.4, 187.1, 191.9, 197.2, 199.5, 197.8, 191.9, 191.2, 190.9, 190.7, 191.1, 191.9, 193.1, 195.8, 197.4, 198.0, 197.6, 195.5, 194.2, 194.8, 193.9, 191.9, 190.0, 189.3, 190.3, 192.3, 189.6, 185.0, 183.1, 185.1, 189.7, 194.3, 196.1, 194.5, 191.1, 188.8, 187.3, 186.7, 187.5, 189.0, 191.3, 193.6, 194.8, 195.2, 194.6, 193.5, 191.4, 192.2, 191.4, 189.7, 187.9, 187.1, 187.9, 189.6, -182.5, -180.6, -176.5, -172.7, -171.3, -173.1, -177.4, -181.2, -190.4, -186.2, -181.3, -176.3, -172.2, -169.6, -167.9, -170.0, -173.3, -177.3, -181.9, -186.6, -178.9, -177.4, -175.8, -175.0, -175.5, -177.0, -178.6, -179.4, -148.8, -147.2, -143.6, -140.0, -138.6, -140.1, -143.8, -147.8, -153.9, -150.9, -147.0, -142.5, -138.8, -136.5, -135.6, -136.9, -139.1, -142.2, -146.3, -150.8, -145.5, -144.1, -142.7, -142.1, -142.7, -144.1, -145.5, -146.1, -130.7, -134.4, -136.2, -135.1, -131.7, -127.9, -126.1, -127.2, -132.3, -132.2, -132.0, -132.0, -132.0, -131.9, -131.6, -129.1, -127.6, -126.9, -127.3, -129.1, -130.1, -129.6, -130.4, -131.8, -133.2, -133.6, -132.9, -131.4, -158.4, -162.7, -164.7, -163.2, -159.0, -154.7, -152.7, -153.9, -157.1, -159.0, -160.3, -161.0, -160.8, -160.1, -158.6, -155.8, -154.1, -153.3, -153.6, -154.8, -157.1, -156.5, -157.3, -159.0, -160.6, -161.2, -160.4, -158.7, 684.5, 683.0, 682.7, 683.8, 685.6, 687.5, 687.4, 686.3, 688.7, 685.5, 683.1, 682.2, 683.7, 686.5, 689.5, 688.1, 686.2, 685.4, 685.6, 686.9, 686.3, 686.7, 686.6, 686.0, 685.3, 684.9, 685.0, 685.6, 813.1, 813.6, 815.1, 816.5, 817.1, 816.6, 815.2, 813.9, 813.8, 812.7, 812.1, 813.0, 815.7, 819.1, 822.7, 819.6, 816.4, 814.0, 812.8, 813.1, 815.3, 815.9, 816.4, 816.7, 816.4, 815.8, 815.3, 815.1, -166.5, -108.2, 779.7, 0.218, -0.300, -0.025, 1.66, 0.61, 0.00, 1.47, 0.00, 0.00, 0.47, 1.06, 0.00, 1.42, 1.40, 1.96, 0.00, 0.00, 0.00, 0.59, 0.34, 1.0, 1.0, 0.0, 1.0, 0.0, 0.0, 1.0, 0.0, 0.0, 1.0, 1.0, 1.0, 0.0, 0.0, 0.0, 1.0, 1.0, 1.0
70, 0, 2.878, 0.98, 1, 0.337133, 0.312525, -0.888071, 0.258800, 0.346495, -0.901645, 0.321, 0.353, 405.3, 407.3, 412.4, 417.6, 420.0, 418.4, 413.0, 407.7, 397.5, 401.3, 406.5, 412.5, 418.2, 422.6, 425.8, 422.6, 417.8, 412.4, 406.7, 401.4, 410.6, 412.7, 414.8, 415.6, 414.6, 412.5, 410.4, 409.7, 478.6, 480.5, 484.7, 488.8, 490.5, 488.6, 484.4, 479.9, 473.2, 476.3, 480.4, 485.4, 489.9, 492.9, 494.6, 492.7, 489.6, 485.8, 481.2, 476.5, 482.6, 484.2, 485.8, 486.6, 485.9, 484.3, 482.7, 481.9, 192.7, 187.7, 185.3, 187.0, 191.8, 197.1, 199.3, 197.5, 191.9, 191.1, 190.7, 190.5, 190.9, 191.7, 193.1, 195.7, 197.2, 197.9, 197.4, 195.4, 194.0, 194.7, 193.8, 191.7, 189.8, 189.1, 190.1, 192.1, 189.3, 184.7, 183.0, 185.0, 189.6, 194.2, 195.9, 194.3, 190.9, 188.5, 187.0, 186.4, 187.4, 188.8, 191.3, 193.5, 194.6, 195.0, 194.4, 193.2, 191.2, 192.0, 191.3, 189.5, 187.7, 186.9, 187.6, 189.4, -185.3, -183.4, -179.2, -175.3, -173.8, -175.6, -179.9, -183.9, -192.8, -188.8, -184.0, -179.0, -174.8, -172.0, -170.2, -172.4, -175.8, -179.9, -184.5, -189.1, -181.5, -179.9, -178.3, -177.5, -178.1, -179.7, -181.3, -182.1, -150.0, -148.4, -144.7, -141.1, -139.7, -141.3, -145.0, -149.0, -155.1, -152.1, -148.2, -143.6, -139.9, -137.7, -136.7, -138.0, -140.3, -143.5, -147.5, -152.0, -146.7, -145.3, -143.9, -143.2, -143.8, -145.2, -146.6, -147.3, -132.1, -135.8, -137.5, -136.3, -132.9, -129.1, -127.4, -128.6, -133.6, -133.6, -133.4, -133.4, -133.3, -133.1, -132.6, -130.3, -128.8, -128.1, -128.6, -130.5, -131.3, -130.9, -131.6, -133.1, -134.5, -135.0, -134.2, -132.7, -158.7, -163.0, -165.0, -163.4, -159.1, -154.8, -152.9, -154.2, -157.4, -159.3, -160.6, -161.3, -161.0, -160.2, -158.6, -155.9, -154.3, -153.6, -153.9, -155.0, -157.3, -156.7, -157.4, -159.1, -160.8, -161.4, -160.6, -158.9, 691.0, 689.4, 688.8, 689.6, 691.3, 693.3, 693.4, 692.6, 695.4, 692.1, 689.4, 688.3, 689.6, 692.2, 695.1, 693.8, 692.2, 691.6, 692.0, 693.6, 692.5, 692.8, 692.6, 692.0, 691.3, 691.0, 691.2, 691.8, 813.3, 813.8, 815.2, 816.6, 817.2, 816.6, 815.2, 814.0, 814.0, 812.9, 812.3, 813.1, 815.8, 819.1, 822.7, 819.6, 816.4, 814.1, 812.9, 813.3, 815.5, 816.0, 816.6, 816.8, 816.5, 816.0, 815.5, 815.2, -167.2, -107.6, 777.1, 0.222, -0.302, -0.023, 1.83, 0.62, 0.00, 1.34, 0.00, 0.00, 0.52, 1.35, 0.00, 1.73, 1.43, 1.96, 0.00, 0.00, 0.00, 0.76, 0.34, 1.0, 1.0, 0.0, 1.0, 0.0, 0.0, 1.0, 0.0, 0.0, 1.0, 1.0, 1.0, 0.0, 0.0, 0.0, 1.0, 1.0, 1.0
71, 0, 2.920, 0.98, 1, 0.339096, 0.320900, -0.884329, 0.255767, 0.346270, -0.902596, 0.321, 0.357, 404.0, 406.0, 411.2, 416.5, 418.8, 417.1, 411.5, 406.2, 395.9, 399.9, 405.3, 411.3, 417.0, 421.4, 424.6, 421.4, 416.5, 411.0, 405.3, 399.9, 409.2, 411.4, 413.5, 414.3, 413.4, 411.2, 409.1, 408.3, 477.3, 479.1, 483.4, 487.5, 489.1, 487.3, 483.1, 478.6, 472.0, 475.0, 479.1, 484.2, 488.6, 491.7, 493.3, 491.4, 488.3, 484.5, 479.9, 475.2, 481.3, 482.9, 484.5, 485.2, 484.6, 483.0, 481.3, 480.6, 192.6, 187.4, 185.1, 186.9, 191.8, 197.2, 199.3, 197.5, 191.5, 190.9, 190.7, 190.5, 190.9, 191.6, 192.7, 195.5, 197.1, 197.7, 197.2, 195.1, 194.0, 194.7, 193.8, 191.7, 189.7, 189.0, 189.9, 192.0, 189.2, 184.6, 182.8, 184.8, 189.4, 194.0, 195.8, 194.1, 190.8, 188.6, 187.0, 186.5, 187.4, 188.8, 191.2, 193.4, 194.6, 194.9, 194.3, 193.2, 191.1, 191.9, 191.2, 189.4, 187.6, 186.8, 187.5, 189.3, -184.9, -182.8, -178.6, -174.7, -173.4, -175.2, -179.6, -183.5, -192.4, -188.3, -183.5, -178.5, -174.3, -171.5, -169.7, -172.0, -175.3, -179.5, -184.1, -188.7, -181.2, -179.6, -177.9, -177.1, -177.6, -179.2, -180.9, -181.7, -151.2, -149.6, -146.0, -142.3, -140.9, -142.5, -146.2, -150.2, -156.3, -153.3, -149.4, -144.8, -141.1, -138.9, -137.9, -139.2, -141.5, -144.6, -148.7, -153.1, -147.9, -146.5, -145.1, -144.5, -145.0, -146.4, -147.9, -148.5, -131.1, -134.8, -136.6, -135.3, -131.8, -128.0, -126.3, -127.6, -132.8, -132.6, -132.3, -132.3, -132.2, -132.2, -131.8, -129.4, -127.8, -127.2, -127.7, -129.6, -130.3, -129.8, -130.5, -132.1, -133.5, -134.0, -133.3, -131.8, -158.8, -163.1, -165.1, -163.5, -159.3, -154.9, -153.0, -154.3, -157.4, -159.3, -160.6, -161.3, -160.9, -160.2, -158.7, -156.0, -154.4, -153.6, -153.9, -155.1, -157.4, -156.8, -157.5, -159.2, -160.9, -161.5, -160.7, -159.0, 685.3, 683.7, 683.3, 684.2, 685.9, 687.9, 687.9, 687.0, 689.5, 686.3, 683.8, 682.8, 684.2, 686.7, 689.6, 688.3, 686.5, 685.8, 686.2, 687.7, 686.9, 687.3, 687.1, 686.5, 685.8, 685.4, 685.6, 686.2, 813.3, 813.9, 815.3, 816.7, 817.2, 816.6, 815.1, 813.9, 814.0, 812.9, 812.3, 813.1, 815.8, 819.1, 822.7, 819.6, 816.4, 814.0, 812.9, 813.3, 815.4, 816.0, 816.5, 816.7, 816.5, 816.0, 815.5, 815.2, -167.8, -106.8, 774.4, 0.225, -0.306, -0.018, 1.56, 0.60, 0.00, 1.11, 0.00, 0.00, 0.47, 1.42, 0.00, 1.09, 1.31, 1.90, 0.00, 0.00, 0.00, 1.11, 0.36, 1.0, 1.0, 0.0, 1.0, 0.0, 0.0, 1.0, 0.0, 0.0, 1.0, 1.0, 1.0, 0.0, 0.0, 0.0, 1.0, 1.0, 1.0
72, 0, 2.961, 0.98, 1, 0.339900, 0.327353, -0.881651, 0.251442, 0.344950, -0.904316, 0.320, 0.360, 402.7, 404.8, 410.0, 415.3, 417.6, 415.8, 410.2, 404.9, 394.3, 398.5, 404.0, 410.2, 415.8, 420.2, 423.3, 420.1, 415.3, 409.8, 404.0, 398.5, 408.0, 410.1, 412.1, 413.0, 412.1, 410.0, 407.9, 407.1, 476.0, 477.9, 482.1, 486.2, 487.8, 486.0, 481.7, 477.2, 470.7, 473.8, 477.8, 482.8, 487.3, 490.4, 492.2, 490.1, 486.9, 483.1, 478.5, 473.9, 480.0, 481.6, 483.2, 483.9, 483.3, 481.7, 480.1, 479.4, 192.6, 187.4, 185.0, 186.8, 191.8, 197.2, 199.4, 197.6, 191.5, 190.9, 190.6, 190.4, 190.8, 191.5, 192.6, 195.4, 196.9, 197.6, 197.1, 195.1, 194.0, 194.7, 193.7, 191.7, 189.7, 189.0, 189.9, 192.0, 189.1, 184.6, 182.9, 184.8, 189.4, 193.9, 195.7, 194.0, 190.9, 188.6, 187.1, 186.5, 187.4, 188.8, 191.1, 193.4, 194.6, 195.0, 194.4, 193.2, 191.0, 191.7, 191.1, 189.3, 187.6, 186.8, 187.5, 189.2, -185.1, -183.1, -179.0, -175.1, -173.8, -175.7, -180.0, -183.8, -192.8, -188.6, -183.7, -178.7, -174.7, -172.0, -170.3, -172.4, -175.7, -179.7, -184.3, -189.0, -181.5, -180.0, -178.3, -177.5, -178.0, -179.6, -181.2, -182.0, -153.9, -152.2, -148.4, -144.8, -143.4, -145.1, -148.8, -152.9, -159.0, -155.9, -152.0, -147.4, -143.6, -141.3, -140.2, -141.6, -144.1, -147.4, -151.5, -155.9, -150.5, -149.1, -147.6, -147.0, -147.5, -148.9, -150.4, -151.0, -130.6, -134.4, -136.2, -135.0, -131.5, -127.6, -125.8, -127.0, -132.2, -132.1, -131.9, -131.9, -131.9, -131.8, -131.5, -129.1, -127.5, -126.8, -127.3, -129.1, -129.9, -129.4, -130.1, -131.6, -133.0, -133.5, -132.8, -131.3, -160.3, -164.6, -166.5, -164.9, -160.7, -156.4, -154.5, -155.9, -158.9, -160.7, -162.0, -162.6, -162.3, -161.6, -160.2, -157.4, -155.7, -155.0, -155.3, -156.5, -159.0, -158.3, -159.1, -160.8, -162.4, -163.0, -162.2, -160.6, 682.6, 681.2, 680.9, 682.0, 683.7, 685.5, 685.4, 684.4, 686.6, 683.5, 681.2, 680.4, 681.9, 684.6, 687.6, 686.1, 684.1, 683.2, 683.4, 684.8, 684.4, 684.8, 684.7, 684.2, 683.5, 683.0, 683.2, 683.7, 820.9, 821.3, 822.5, 823.8, 824.4, 824.0, 822.8, 821.7, 821.9, 820.6, 819.9, 820.5, 823.0, 826.3, 829.9, 826.9, 823.9, 821.7, 820.7, 821.2, 823.0, 823.5, 823.9, 824.1, 823.9, 823.4, 822.9, 822.7, -169.0, -106.7, 774.3, 0.227, -0.304, -0.016, 1.42, 0.61, 0.03, 0.90, 0.00, 0.00, 0.57, 1.36, 0.00, 1.18, 1.10, 1.59, 0.00, 0.00, 0.00, 1.12, 0.37, 1.0, 1.0, 0.0, 1.0, 0.0, 0.0, 1.0, 0.0, 0.0, 1.0, 1.0, 1.0, 0.0, 0.0, 0.0, 1.0, 1.0, 1.0
73, 0, 3.003, 0.98, 1, 0.337159, 0.313341, -0.887773, 0.253916, 0.348809, -0.902142, 0.319, 0.354, 401.6, 403.6, 408.7, 414.0, 416.3, 414.6, 409.1, 403.8, 393.5, 397.5, 402.9, 409.0, 414.6, 418.9, 422.1, 418.9, 414.1, 408.6, 402.9, 397.6, 406.8, 408.9, 410.9, 411.8, 410.8, 408.8, 406.7, 405.9, 474.8, 476.7, 480.9, 485.0, 486.6, 484.8, 480.6, 476.1, 469.5, 472.6, 476.7, 481.7, 486.2, 489.2, 490.9, 488.9, 485.9, 482.1, 477.5, 472.8, 478.8, 480.4, 482.0, 482.7, 482.1, 480.5, 478.9, 478.2, 192.4, 187.3, 184.9, 186.7, 191.6, 196.9, 199.1, 197.3, 191.4, 190.9, 190.6, 190.4, 190.8, 191.5, 192.6, 195.4, 196.9, 197.6, 197.0, 195.0, 193.8, 194.5, 193.5, 191.5, 189.5, 188.8, 189.8, 191.8, 189.3, 184.8, 183.0, 185.0, 189.6, 194.1, 195.9, 194.3, 191.0, 188.8, 187.3, 186.7, 187.6, 189.0, 191.3, 193.6, 194.8, 195.1, 194.5, 193.4, 191.2, 192.0, 191.3, 189.5, 187.8, 187.0, 187.7, 189.4, -188.0, -186.0, -181.8, -178.0, -176.6, -178.4, -182.8, -186.7, -195.6, -191.4, -186.5, -181.6, -177.5, -174.8, -173.0, -175.2, -178.5, -182.6, -187.2, -191.8, -184.3, -182.8, -181.1, -180.3, -180.9, -182.4, -184.1, -184.9, -153.7, -152.1, -148.4, -144.8, -143.4, -145.0, -148.7, -152.7, -158.7, -155.7, -151.8, -147.2, -143.6, -141.3, -140.4, -141.7, -144.0, -147.1, -151.2, -155.6, -150.4, -149.0, -147.6, -147.0, -147.5, -148.9, -150.3, -150.9, -132.1, -135.9, -137.7, -136.5, -133.0, -129.1, -127.4, -128.6, -133.8, -133.6, -133.3, -133.2, -133.2, -133.2, -132.9, -130.4, -128.9, -128.2, -128.7, -130.6, -131.4, -130.9, -131.6, -133.1, -134.5, -135.0, -134.3, -132.8, -158.8, -163.1, -165.1, -163.5, -159.3, -155.0, -153.0, -154.3, -157.4, -159.3, -160.5, -161.2, -160.9, -160.3, -158.8, -156.0, -154.4, -153.6, -153.9, -155.1, -157.5, -156.8, -157.6, -159.3, -160.9, -161.5, -160.7, -159.1, 690.0, 688.5, 688.1, 689.0, 690.7, 692.6, 692.6, 691.7, 694.1, 690.9, 688.5, 687.6, 689.0, 691.7, 694.6, 693.2, 691.4, 690.6, 690.9, 692.3, 691.6, 692.0, 691.9, 691.3, 690.6, 690.2, 690.4, 691.0, 814.1, 814.7, 816.1, 817.4, 818.0, 817.5, 816.1, 814.9, 814.9, 813.8, 813.2, 814.0, 816.7, 820.0, 823.6, 820.5, 817.4, 815.0, 813.8, 814.2, 816.3, 816.9, 817.4, 817.6, 817.4, 816.8, 816.3, 816.1, -170.6, -107.3, 776.8, 0.224, -0.308, -0.015, 1.76, 0.61, 0.02, 1.22, 0.00, 0.00, 0.74, 1.49, 0.00, 0.89, 1.25, 1.33, 0.00, 0.00, 0.00, 1.45, 0.33, 1.0, 1.0, 0.0, 1.0, 0.0, 0.0, 1.0, 0.0, 0.0, 1.0, 1.0, 1.0, 0.0, 0.0, 0.0, 1.0, 1.0, 1.0
74, 0, 3.045, 0.98, 1, 0.340513, 0.308211, -0.888289, 0.261172, 0.345331, -0.901408, 0.324, 0.350, 400.5, 402.6, 407.7, 413.0, 415.3, 413.6, 408.0, 402.8, 392.3, 396.4, 401.8, 407.9, 413.6, 417.9, 421.1, 417.9, 413.1, 407.6, 401.8, 396.4, 405.8, 407.9, 409.9, 410.7, 409.8, 407.7, 405.7, 404.9, 473.7, 475.6, 479.8, 483.9, 485.5, 483.6, 479.4, 474.9, 468.2, 471.3, 475.4, 480.5, 485.0, 488.0, 489.7, 487.7, 484.6, 480.8, 476.2, 471.5, 477.6, 479.2, 480.9, 481.6, 481.0, 479.4, 477.7, 477.0, 192.4, 187.3, 185.0, 186.7, 191.6, 196.9, 199.1, 197.3, 191.4, 190.9, 190.6, 190.4, 190.8, 191.5, 192.6, 195.3, 196.9, 197.5, 197.0, 195.0, 193.8, 194.5, 193.5, 191.5, 189.5, 188.8, 189.8, 191.8, 189.5, 184.9, 183.1, 185.1, 189.7, 194.3, 196.1, 194.4, 191.1, 188.8, 187.3, 186.8, 187.6, 189.0, 191.3, 193.6, 194.8, 195.1, 194.6, 193.4, 191.3, 192.1, 191.4, 189.6, 187.9, 187.1, 187.8, 189.6, -188.0, -185.9, -181.8, -177.9, -176.6, -178.4, -182.8, -186.6, -195.6, -191.5, -186.6, -181.6, -177.5, -174.7, -173.0, -175.2, -178.5, -182.6, -187.2, -191.8, -184.3, -182.7, -181.1, -180.3, -180.8, -182.3, -184.0, -184.8, -154.6, -153.0, -149.3, -145.7, -144.3, -146.0, -149.7, -153.7, -159.9, -156.8, -152.8, -148.3, -144.6, -142.3, -141.4, -142.7, -145.1, -148.2, -152.3, -156.7, -151.4, -150.0, -148.6, -147.9, -148.4, -149.8, -151.2, -151.9, -131.5, -135.2, -137.0, -135.8, -132.3, -128.5, -126.8, -128.0, -133.1, -132.9, -132.7, -132.6, -132.6, -132.6, -132.3, -129.9, -128.3, -127.6, -128.1, -130.0, -130.8, -130.3, -131.0, -132.5, -133.9, -134.4, -133.7, -132.2, -158.5, -162.8, -164.8, -163.3, -159.1, -154.8, -152.8, -154.1, -157.2, -159.1, -160.4, -161.0, -160.8, -160.2, -158.7, -156.0, -154.3, -153.5, -153.8, -154.9, -157.2, -156.6, -157.4, -159.1, -160.7, -161.3, -160.5, -158.9, 686.7, 685.2, 684.8, 685.7, 687.5, 689.4, 689.5, 688.5, 691.0, 687.8, 685.3, 684.4, 685.8, 688.5, 691.4, 690.0, 688.2, 687.4, 687.7, 689.2, 688.4, 688.8, 688.6, 688.0, 687.3, 687.0, 687.1, 687.7, 813.5, 814.0, 815.3, 816.7, 817.5, 817.0, 815.7, 814.4, 814.4, 813.2, 812.6, 813.3, 816.0, 819.4, 823.0, 820.0, 816.9, 814.5, 813.4, 813.8, 815.8, 816.3, 816.9, 817.0, 816.7, 816.2, 815.7, 815.5, -172.6, -108.5, 781.1, 0.215, -0.303, -0.020, 1.90, 0.59, 0.00, 1.01, 0.00, 0.00, 0.61, 1.23, 0.00, 1.02, 1.24, 1.19, 0.00, 0.00, 0.00, 0.57, 0.34, 1.0, 1.0, 0.0, 0.0, 0.0, 0.0, 1.0, 0.0, 0.0, 1.0, 1.0, 1.0, 0.0, 0.0, 0.0, 0.0, 1.0, 1.0
75, 0, 3.086, 0.98, 1, 0.337514, 0.324650, -0.883565, 0.264569, 0.339158, -0.902760, 0.325, 0.356, 399.5, 401.7, 407.0, 412.2, 414.4, 412.5, 406.9, 401.6, 391.3, 395.6, 401.1, 407.1, 412.7, 417.0, 420.1, 416.9, 412.2, 406.8, 401.0, 395.6, 404.6, 406.8, 409.0, 410.0, 409.1, 406.8, 404.6, 403.7, 472.8, 474.7, 478.9, 483.1, 484.7, 482.8, 478.6, 474.1, 467.4, 470.4, 474.5, 479.6, 484.1, 487.2, 488.9, 486.9, 483.8, 479.9, 475.3, 470.6, 476.8, 478.4, 480.0, 480.7, 480.1, 478.5, 476.9, 476.2, 192.5, 187.4, 185.1, 186.9, 191.9, 197.2, 199.2, 197.4, 191.2, 190.7, 190.4, 190.3, 190.7, 191.4, 192.6, 195.3, 196.8, 197.4, 196.9, 194.8, 194.0, 194.8, 193.8, 191.6, 189.6, 188.8, 189.8, 191.9, 189.5, 184.9, 183.1, 185.1, 189.7, 194.2, 196.0, 194.4, 191.0, 188.7, 187.3, 186.7, 187.6, 189.0, 191.3, 193.6, 194.8, 195.2, 194.6, 193.4, 191.3, 192.1, 191.4, 189.6, 187.8, 187.1, 187.8, 189.5, -188.3, -186.1, -181.9, -178.1, -176.9, -178.9, -183.3, -187.1, -195.8, -191.6, -186.6, -181.7, -177.7, -175.1, -173.4, -175.5, -178.7, -182.8, -187.3, -191.9, -184.8, -183.2, -181.4, -180.5, -181.0, -182.6, -184.4, -185.3, -155.4, -153.8, -150.1, -146.5, -145.1, -146.8, -150.5, -154.5, -160.7, -157.6, -153.6, -149.1, -145.3, -143.1, -142.1, -143.5, -145.8, -149.0, -153.1, -157.5, -152.1, -150.8, -149.3, -148.7, -149.2, -150.6, -152.0, -152.7, -131.2, -134.8, -136.6, -135.3, -131.8, -128.1, -126.4, -127.7, -132.9, -132.7, -132.5, -132.4, -132.4, -132.3, -132.0, -129.6, -128.1, -127.4, -127.9, -129.7, -130.3, -129.8, -130.5, -132.1, -133.6, -134.1, -133.4, -131.8, -158.5, -162.9, -164.8, -163.3, -159.1, -154.8, -152.8, -154.1, -157.3, -159.2, -160.4, -161.0, -160.8, -160.1, -158.7, -155.9, -154.2, -153.4, -153.8, -155.0, -157.3, -156.7, -157.4, -159.1, -160.7, -161.3, -160.5, -158.9, 685.0, 683.5, 683.1, 684.2, 686.1, 688.1, 688.0, 686.9, 688.9, 685.8, 683.5, 682.8, 684.3, 687.0, 690.0, 688.6, 686.6, 685.7, 685.9, 687.1, 686.9, 687.3, 687.2, 686.6, 685.8, 685.3, 685.4, 686.1, 813.5, 813.9, 815.2, 816.6, 817.3, 816.9, 815.6, 814.4, 814.4, 813.2, 812.5, 813.2, 815.9, 819.3, 822.9, 819.9, 816.8, 814.5, 813.3, 813.7, 815.7, 816.3, 816.8, 816.9, 816.7, 816.1, 815.6, 815.4, -174.2, -109.7, 784.3, 0.209, -0.310, -0.020, 1.81, 0.68, 0.00, 0.80, 0.00, 0.00, 0.65, 1.18, 0.00, 1.15, 1.52, 1.87, 0.00, 0.00, 0.00, 0.63, 0.25, 1.0, 1.0, 0.0, 1.0, 0.0, 0.0, 1.0, 0.0, 0.0, 1.0, 1.0, 1.0, 0.0, 0.0, 0.0, 0.0, 1.0, 1.0
76, 0, 3.128, 0.98, 1, 0.404297, 0.266349, -0.874987, 0.264845, 0.331984, -0.905342, 0.360, 0.324, 400.1, 402.1, 406.9, 411.6, 413.5, 411.6, 406.6, 401.9, 390.2, 395.1, 401.2, 407.1, 411.9, 415.0, 416.8, 414.4, 410.7, 406.0, 400.5, 394.8, 404.4, 406.3, 408.3, 409.1, 408.3, 406.4, 404.4, 403.6, 472.2, 474.1, 478.4, 482.5, 484.1, 482.2, 478.0, 473.5, 466.9, 470.0, 474.1, 479.1, 483.6, 486.6, 488.4, 486.4, 483.2, 479.4, 474.7, 470.1, 476.2, 477.8, 479.5, 480.2, 479.6, 478.0, 476.3, 475.6, 191.5, 186.1, 183.6, 185.7, 190.9, 196.6, 198.7, 196.7, 191.4, 190.0, 189.2, 189.0, 190.2, 192.2, 194.6, 196.3, 196.8, 196.9, 196.2, 194.4, 193.4, 194.2, 193.2, 191.0, 188.8, 188.0, 189.0, 191.2, 188.9, 184.3, 182.5, 184.5, 189.1, 193.6, 195.5, 193.8, 190.4, 188.3, 186.8, 186.3, 187.2, 188.5, 190.7, 193.0, 194.2, 194.5, 193.9, 192.8, 190.7, 191.5, 190.8, 189.0, 187.2, 186.5, 187.2, 188.9, -189.4, -187.8, -184.4, -181.2, -180.0, -181.6, -185.0, -188.2, -197.7, -193.4, -188.4, -183.9, -180.8, -179.2, -178.5, -179.8, -181.9, -185.0, -189.1, -193.7, -186.7, -185.4, -184.0, -183.3, -183.8, -185.1, -186.5, -187.2, -156.3, -154.6, -150.9, -147.3, -145.9, -147.6, -151.3, -155.3, -161.5, -158.3, -154.4, -149.8, -146.1, -143.9, -142.9, -144.2, -146.6, -149.8, -153.9, -158.3, -153.0, -151.6, -150.1, -149.5, -150.0, -151.4, -152.9, -153.5, -133.0, -137.3, -139.5, -138.3, -134.4, -129.9, -127.9, -129.1, -133.4, -134.2, -134.7, -135.0, -134.5, -133.6, -132.2, -130.4, -129.5, -129.0, -129.4, -130.8, -132.0, -131.5, -132.4, -134.2, -135.8, -136.3, -135.4, -133.6, -159.4, -163.7, -165.7, -164.1, -159.9, -155.6, -153.7, -155.0, -158.2, -159.9, -161.1, -161.7, -161.5, -160.9, -159.5, -156.8, -155.1, -154.3, -154.7, -155.8, -158.1, -157.5, -158.2, -159.9, -161.6, -162.2, -161.4, -159.7, 690.6, 690.8, 692.3, 694.2, 695.3, 695.5, 693.6, 691.7, 692.6, 691.0, 690.1, 690.8, 693.4, 696.6, 699.7, 697.2, 694.2, 692.0, 690.9, 691.3, 693.2, 694.0, 694.6, 694.7, 694.2, 693.4, 692.8, 692.7, 815.1, 815.6, 816.9, 818.2, 818.9, 818.5, 817.2, 816.0, 816.0, 814.8, 814.2, 814.9, 817.5, 820.9, 824.5, 821.4, 818.3, 816.0, 814.9, 815.3, 817.3, 817.9, 818.4, 818.5, 818.3, 817.7, 817.2, 817.1, -175.8, -111.0, 790.0, 0.211, -0.313, -0.026, 1.98, 0.79, 0.00, 0.97, 0.00, 0.00, 0.52, 1.05, 0.00, 1.34, 1.44, 1.48, 0.00, 0.00, 0.00, 0.43, 0.37, 1.0, 1.0, 0.0, 0.0, 0.0, 0.0, 1.0, 0.0, 0.0, 1.0, 1.0, 1.0, 0.0, 0.0, 0.0, 0.0, 1.0, 1.0
77, 0, 3.170, 0.98, 1, 0.390856, 0.269780, -0.880028, 0.272579, 0.326914, -0.904891, 0.356, 0.323, 398.8, 400.9, 405.8, 410.6, 412.6, 410.7, 405.6, 400.8, 389.7, 394.3, 400.1, 406.0, 410.9, 414.2, 416.3, 413.8, 410.0, 405.2, 399.7, 394.2, 403.2, 405.3, 407.4, 408.3, 407.4, 405.4, 403.3, 402.4, 471.3, 473.3, 477.5, 481.6, 483.2, 481.3, 477.0, 472.5, 466.0, 469.1, 473.2, 478.2, 482.6, 485.7, 487.4, 485.4, 482.2, 478.3, 473.8, 469.1, 475.3, 476.9, 478.5, 479.3, 478.7, 477.1, 475.4, 474.7, 190.8, 185.4, 183.0, 185.0, 190.2, 195.9, 198.0, 196.0, 191.0, 189.5, 188.6, 188.4, 189.4, 191.3, 193.7, 195.4, 195.9, 196.1, 195.4, 193.7, 192.8, 193.6, 192.6, 190.3, 188.0, 187.2, 188.2, 190.5, 187.9, 183.4, 181.6, 183.6, 188.2, 192.7, 194.5, 192.8, 189.4, 187.2, 185.8, 185.3, 186.2, 187.5, 189.7, 192.0, 193.3, 193.6, 193.0, 191.8, 189.7, 190.5, 189.8, 188.1, 186.3, 185.5, 186.2, 188.0, -192.8, -191.2, -187.6, -184.2, -182.9, -184.5, -188.1, -191.6, -200.8, -196.6, -191.6, -187.0, -183.7, -181.9, -181.0, -182.4, -184.7, -188.0, -192.2, -196.8, -189.9, -188.5, -186.9, -186.2, -186.8, -188.2, -189.8, -190.5, -157.8, -156.0, -152.3, -148.7, -147.4, -149.1, -152.9, -156.9, -163.0, -159.9, -155.9, -151.3, -147.6, -145.3, -144.4, -145.8, -148.2, -151.4, -155.5, -159.9, -154.5, -153.1, -151.6, -151.0, -151.5, -152.9, -154.3, -155.0, -135.3, -139.6, -141.8, -140.5, -136.6, -132.0, -130.0, -131.3, -135.6, -136.4, -136.9, -137.2, -136.8, -135.9, -134.5, -132.7, -131.7, -131.3, -131.6, -133.1, -134.2, -133.6, -134.6, -136.4, -138.1, -138.6, -137.7, -135.8, -161.0, -165.3, -167.2, -165.6, -161.5, -157.2, -155.3, -156.6, -159.8, -161.6, -162.7, -163.3, -163.1, -162.5, -161.1, -158.3, -156.6, -155.8, -156.2, -157.4, -159.7, -159.1, -159.8, -161.5, -163.1, -163.7, -163.0, -161.3, 699.5, 699.6, 700.8, 702.4, 703.6, 703.9, 702.3, 700.6, 701.8, 700.0, 698.9, 699.4, 701.8, 704.8, 707.8, 705.4, 702.6, 700.6, 699.8, 700.4, 701.9, 702.6, 703.2, 703.2, 702.7, 702.0, 701.5, 701.4, 818.5, 818.9, 820.1, 821.5, 822.2, 821.9, 820.6, 819.4, 819.5, 818.2, 817.5, 818.2, 820.8, 824.1, 827.8, 824.8, 821.8, 819.5, 818.4, 818.8, 820.7, 821.2, 821.7, 821.9, 821.6, 821.0, 820.6, 820.4, -175.9, -110.9, 786.4, 0.208, -0.323, -0.025, 1.94, 0.72, 0.00, 0.96, 0.00, 0.00, 0.39, 0.98, 0.00, 0.88, 1.29, 1.52, 0.00, 0.00, 0.00, 0.52, 0.32, 1.0, 1.0, 0.0, 0.0, 0.0, 0.0, 1.0, 0.0, 0.0, 1.0, 1.0, 1.0, 0.0, 0.0, 0.0, 0.0, 1.0, 1.0
78, 0, 3.212, 0.98, 1, 0.344584, 0.296930, -0.890559, 0.258731, 0.349377, -0.900552, 0.325, 0.346, 397.3, 399.2, 404.3, 409.5, 412.0, 410.5, 405.0, 399.7, 389.2, 393.3, 398.7, 404.7, 410.4, 414.8, 418.1, 414.9, 410.1, 404.7, 398.9, 393.4, 402.6, 404.7, 406.8, 407.6, 406.6, 404.4, 402.4, 401.6, 470.4, 472.3, 476.6, 480.7, 482.2, 480.3, 476.0, 471.6, 465.4, 468.4, 472.4, 477.4, 481.9, 484.9, 486.6, 484.6, 481.5, 477.7, 473.2, 468.6, 474.4, 476.0, 477.6, 478.4, 477.8, 476.2, 474.5, 473.8, 190.3, 185.1, 182.6, 184.3, 189.1, 194.5, 196.8, 195.1, 189.4, 188.9, 188.5, 188.2, 188.6, 189.4, 190.4, 193.1, 194.7, 195.4, 195.0, 193.0, 191.6, 192.3, 191.2, 189.1, 187.2, 186.5, 187.5, 189.6, 187.4, 182.9, 181.2, 183.2, 187.7, 192.2, 193.9, 192.2, 188.8, 186.7, 185.2, 184.8, 185.6, 187.0, 189.3, 191.5, 192.7, 193.0, 192.4, 191.2, 189.3, 190.0, 189.3, 187.6, 185.8, 185.1, 185.7, 187.5, -190.4, -188.5, -184.4, -180.5, -179.0, -180.7, -185.0, -188.9, -198.0, -193.9, -189.0, -184.0, -179.9, -177.1, -175.2, -177.4, -180.7, -184.8, -189.4, -194.1, -186.7, -185.1, -183.4, -182.7, -183.3, -184.9, -186.5, -187.3, -160.2, -158.5, -154.7, -151.0, -149.7, -151.5, -155.3, -159.3, -165.1, -162.0, -158.1, -153.5, -149.8, -147.5, -146.5, -147.9, -150.3, -153.5, -157.6, -162.0, -156.9, -155.5, -154.0, -153.3, -153.8, -155.2, -156.7, -157.4, -133.2, -136.9, -138.8, -137.6, -134.1, -130.3, -128.5, -129.7, -134.7, -134.5, -134.3, -134.3, -134.3, -134.2, -133.9, -131.5, -130.0, -129.3, -129.6, -131.5, -132.4, -132.0, -132.7, -134.3, -135.7, -136.1, -135.4, -133.9, -163.1, -167.3, -169.2, -167.6, -163.4, -159.2, -157.3, -158.7, -161.9, -163.7, -164.9, -165.5, -165.1, -164.5, -163.1, -160.4, -158.7, -157.9, -158.3, -159.5, -161.7, -161.1, -161.8, -163.5, -165.1, -165.8, -165.0, -163.4, 686.5, 685.1, 684.6, 685.4, 687.0, 688.8, 688.9, 688.1, 691.0, 687.7, 685.1, 684.1, 685.5, 688.1, 691.0, 689.5, 687.8, 687.0, 687.4, 688.9, 688.1, 688.4, 688.2, 687.6, 687.0, 686.6, 686.8, 687.4, 826.7, 827.0, 828.1, 829.4, 830.1, 829.8, 828.7, 827.6, 827.5, 826.3, 825.6, 826.2, 828.8, 832.1, 835.8, 832.8, 829.8, 827.6, 826.5, 826.9, 828.8, 829.3, 829.7, 829.9, 829.6, 829.1, 828.6, 828.5, -174.3, -109.4, 776.7, 0.218, -0.329, -0.017, 1.79, 0.63, 0.11, 1.13, 0.00, 0.00, 0.27, 1.29, 0.00, 0.82, 1.02, 1.28, 0.00, 0.00, 0.00, 0.78, 0.31, 1.0, 1.0, 0.0, 0.0, 0.0, 0.0, 1.0, 0.0, 0.0, 1.0, 1.0, 1.0, 0.0, 0.0, 0.0, 0.0, 1.0, 1.0
79, 0, 3.253, 0.88, 1, 0.338648, 0.296365, -0.893020, 0.263373, 0.348933, -0.899378, 0.324, 0.346, 396.4, 398.2, 403.3, 408.7, 411.2, 409.8, 404.3, 398.9, 388.5, 392.4, 397.7, 403.8, 409.6, 414.1, 417.5, 414.2, 409.4, 403.9, 398.1, 392.7, 401.8, 404.0, 406.1, 406.8, 405.8, 403.6, 401.5, 400.8, 469.7, 471.6, 475.8, 479.8, 481.4, 479.5, 475.3, 470.9, 464.6, 467.6, 471.6, 476.7, 481.1, 484.1, 485.7, 483.8, 480.7, 477.0, 472.5, 467.8, 473.6, 475.2, 476.8, 477.6, 476.9, 475.4, 473.7, 473.0, 190.1, 184.9, 182.4, 184.0, 188.9, 194.3, 196.6, 194.9, 189.4, 188.8, 188.4, 188.1, 188.4, 189.1, 190.3, 192.9, 194.5, 195.2, 194.8, 192.9, 191.4, 192.1, 191.1, 188.9, 186.9, 186.2, 187.3, 189.4, 187.3, 182.9, 181.1, 183.1, 187.6, 192.1, 193.8, 192.2, 188.8, 186.6, 185.2, 184.7, 185.6, 187.0, 189.3, 191.5, 192.7, 193.0, 192.4, 191.2, 189.2, 189.9, 189.3, 187.5, 185.8, 185.0, 185.7, 187.4, -189.6, -187.8, -183.6, -179.7, -178.1, -179.7, -184.1, -188.1, -197.1, -193.1, -188.2, -183.2, -179.0, -176.1, -174.2, -176.4, -179.8, -183.9, -188.6, -193.2, -185.8, -184.2, -182.5, -181.7, -182.4, -184.0, -185.7, -186.5, -160.5, -158.8, -155.1, -151.5, -150.2, -151.9, -155.6, -159.6, -165.4, -162.4, -158.5, -153.9, -150.2, -148.0, -147.1, -148.4, -150.7, -153.8, -157.9, -162.3, -157.2, -155.8, -154.4, -153.7, -154.3, -155.6, -157.1, -157.7, -132.3, -136.0, -137.8, -136.7, -133.2, -129.3, -127.6, -128.8, -133.7, -133.5, -133.3, -133.3, -133.3, -133.2, -132.9, -130.6, -129.0, -128.4, -128.7, -130.5, -131.5, -131.0, -131.8, -133.3, -134.8, -135.3, -134.5, -133.0, -162.8, -167.0, -169.0, -167.4, -163.2, -158.9, -157.0, -158.4, -161.5, -163.3, -164.5, -165.1, -164.8, -164.2, -162.7, -160.0, -158.3, -157.6, -157.9, -159.1, -161.4, -160.8, -161.6, -163.2, -164.8, -165.5, -164.7, -163.0, 681.1, 679.6, 679.0, 679.7, 681.2, 683.1, 683.4, 682.7, 685.8, 682.4, 679.7, 678.6, 679.8, 682.3, 685.1, 683.8, 682.1, 681.5, 682.0, 683.7, 682.6, 682.8, 682.6, 682.0, 681.3, 681.1, 681.3, 681.9, 824.7, 825.1, 826.4, 827.7, 828.4, 828.0, 826.8, 825.6, 825.5, 824.3, 823.7, 824.4, 827.1, 830.5, 834.2, 831.1, 828.0, 825.7, 824.5, 824.9, 826.9, 827.4, 827.9, 828.0, 827.8, 827.3, 826.8, 826.6, -174.2, -108.8, 773.1, 0.215, -0.331, -0.014, 1.63, 0.65, 0.14, 1.04, 0.00, 0.00, 0.49, 1.55, 0.00, 0.50, 0.78, 1.45, 0.00, 0.00, 0.18, 1.03, 0.36, 1.0, 1.0, 0.0, 0.0, 0.0, 0.0, 1.0, 0.0, 0.0, 0.0, 1.0, 1.0, 0.0, 0.0, 0.0, 1.0, 1.0, 1.0
80, 0, 3.295, 0.98, 1, 0.362931, 0.237326, -0.901087, 0.287153, 0.343688, -0.894104, 0.347, 0.313, 397.4, 398.9, 403.2, 407.7, 409.8, 408.5, 404.0, 399.5, 390.5, 394.0, 398.7, 403.9, 408.6, 411.9, 413.9, 411.6, 408.0, 403.7, 398.9, 394.2, 401.7, 403.6, 405.3, 405.9, 405.0, 403.2, 401.5, 400.8, 469.2, 471.2, 475.3, 479.3, 480.7, 478.8, 474.6, 470.3, 464.1, 466.9, 470.7, 475.6, 480.1, 483.4, 485.2, 482.9, 479.6, 475.7, 471.3, 467.0, 473.1, 474.7, 476.3, 477.0, 476.5, 474.9, 473.3, 472.5, 189.2, 184.5, 182.3, 184.1, 188.7, 193.7, 195.5, 193.8, 192.0, 189.9, 188.4, 187.6, 188.3, 190.2, 192.6, 194.0, 194.5, 194.8, 194.6, 193.8, 191.0, 191.7, 190.9, 188.9, 187.1, 186.4, 187.2, 189.2, 186.9, 182.7, 181.0, 182.9, 187.2, 191.5, 193.1, 191.5, 188.4, 186.2, 184.8, 184.3, 185.2, 186.5, 188.8, 191.1, 192.4, 192.7, 192.1, 190.8, 188.6, 189.4, 188.7, 187.1, 185.4, 184.6, 185.3, 186.9, -221.3, -220.2, -216.6, -212.7, -210.8, -211.8, -215.5, -219.4, -228.2, -224.6, -219.9, -215.2, -211.5, -209.2, -207.9, -209.4, -212.0, -215.5, -219.8, -224.4, -217.8, -216.2, -214.8, -214.3, -215.1, -216.7, -218.2, -218.6, -167.1, -165.2, -161.3, -157.6, -156.3, -158.2, -162.2, -166.2, -172.4, -169.4, -165.4, -160.7, -156.6, -154.0, -152.9, -154.6, -157.5, -160.9, -165.1, -169.5, -163.7, -162.2, -160.7, -159.9, -160.4, -161.9, -163.4, -164.2, -155.8, -160.3, -162.5, -161.1, -156.9, -152.1, -150.2, -151.7, -153.7, -155.3, -156.4, -157.2, -156.9, -155.7, -153.9, -152.2, -151.3, -150.7, -150.8, -151.8, -154.5, -153.9, -154.8, -156.6, -158.3, -158.9, -158.0, -156.2, -169.4, -173.5, -175.3, -173.6, -169.5, -165.4, -163.7, -165.1, -168.2, -170.1, -171.2, -171.7, -171.3, -170.6, -169.1, -166.3, -164.5, -163.8, -164.3, -165.8, -168.1, -167.4, -168.1, -169.7, -171.3, -172.0, -171.3, -169.7, 798.2, 799.1, 800.3, 801.2, 801.2, 800.6, 799.1, 798.2, 800.6, 798.8, 797.6, 797.8, 799.7, 802.2, 804.6, 802.2, 799.6, 798.0, 797.8, 798.9, 799.9, 800.2, 800.7, 801.1, 801.1, 800.7, 800.2, 799.9, 856.2, 856.1, 856.8, 857.9, 858.7, 858.8, 858.1, 857.2, 857.9, 856.1, 854.9, 855.0, 857.3, 860.5, 864.1, 861.5, 858.8, 857.0, 856.3, 857.1, 858.1, 858.5, 858.8, 858.7, 858.4, 858.0, 857.7, 857.7, -176.8, -109.4, 781.3, 0.239, -0.341, -0.006, 1.38, 0.33, 0.19, 1.29, 0.00, 0.00, 0.32, 1.77, 0.00, 0.00, 0.68, 1.32, 0.00, 0.00, 1.05, 1.07, 0.43, 1.0, 1.0, 0.0, 1.0, 0.0, 0.0, 1.0, 1.0, 0.0, 0.0, 1.0, 1.0, 0.0, 0.0, 1.0, 1.0, 1.0, 1.0
81, 0, 3.337, 0.98, 1, 0.417772, 0.268932, -0.867838, 0.269605, 0.346329, -0.898538, 0.371, 0.335, 396.8, 398.5, 403.1, 407.7, 409.7, 408.1, 403.4, 398.8, 386.7, 391.6, 397.5, 403.4, 408.1, 411.2, 413.1, 411.0, 407.5, 402.8, 397.3, 391.5, 401.0, 402.9, 404.7, 405.3, 404.5, 402.7, 400.9, 400.2, 468.5, 470.4, 474.7, 478.7, 480.2, 478.2, 474.0, 469.6, 463.5, 466.4, 470.4, 475.3, 479.8, 482.9, 484.6, 482.5, 479.4, 475.5, 471.0, 466.5, 472.4, 474.0, 475.6, 476.4, 475.8, 474.2, 472.6, 471.8, 188.4, 183.1, 180.8, 182.9, 188.2, 193.9, 195.9, 193.7, 189.1, 187.6, 186.5, 186.3, 187.5, 189.4, 191.6, 193.4, 193.7, 193.8, 193.2, 191.7, 190.5, 191.4, 190.5, 188.3, 186.2, 185.4, 186.3, 188.4, 186.1, 181.7, 180.0, 182.0, 186.5, 190.9, 192.6, 190.9, 187.5, 185.4, 184.1, 183.6, 184.5, 185.8, 188.0, 190.3, 191.5, 191.8, 191.2, 189.9, 187.9, 188.7, 188.0, 186.3, 184.6, 183.8, 184.5, 186.2, -193.4, -192.2, -189.1, -185.9, -184.5, -185.6, -188.7, -191.9, -201.8, -197.5, -192.7, -188.3, -185.2, -183.6, -182.8, -183.8, -185.7, -188.8, -192.9, -197.5, -190.7, -189.4, -188.2, -187.7, -188.3, -189.6, -190.8, -191.3, -164.0, -162.2, -158.4, -154.8, -153.5, -155.3, -159.2, -163.2, -169.1, -166.0, -162.0, -157.4, -153.6, -151.2, -150.2, -151.7, -154.2, -157.5, -161.6, -166.0, -160.7, -159.3, -157.8, -157.1, -157.6, -159.0, -160.5, -161.2, -136.4, -140.8, -143.1, -141.7, -137.6, -132.9, -131.0, -132.3, -136.1, -137.1, -137.9, -138.3, -137.8, -136.9, -135.6, -133.7, -132.8, -132.3, -132.6, -133.8, -135.2, -134.7, -135.6, -137.4, -139.0, -139.5, -138.6, -136.8, -166.3, -170.6, -172.4, -170.8, -166.6, -162.4, -160.5, -162.0, -165.2, -167.0, -168.1, -168.6, -168.3, -167.6, -166.2, -163.5, -161.8, -161.0, -161.5, -162.8, -165.0, -164.3, -165.1, -166.7, -168.3, -169.0, -168.2, -166.6, 695.5, 696.4, 698.4, 700.3, 700.9, 700.4, 698.1, 696.2, 697.2, 695.8, 695.4, 696.3, 698.9, 702.0, 704.9, 702.1, 698.8, 696.4, 695.2, 695.7, 698.2, 698.9, 699.7, 700.0, 699.8, 699.0, 698.2, 697.9, 837.0, 837.2, 838.2, 839.5, 840.2, 840.0, 839.0, 837.9, 838.1, 836.7, 835.8, 836.3, 838.9, 842.2, 845.8, 843.0, 840.0, 837.9, 836.8, 837.4, 839.0, 839.5, 839.9, 840.0, 839.7, 839.2, 838.8, 838.7, -176.2, -109.6, 775.7, 0.228, -0.342, -0.009, 1.46, 0.47, 0.11, 1.47, 0.00, 0.00, 0.46, 1.66, 0.00, 0.15, 0.88, 1.40, 0.00, 0.00, 0.88, 1.54, 0.41, 1.0, 1.0, 0.0, 1.0, 0.0, 0.0, 1.0, 1.0, 0.0, 0.0, 1.0, 1.0, 0.0, 0.0, 1.0, 1.0, 1.0, 1.0
82, 0, 3.378, 0.98, 1, 0.422965, 0.242118, -0.873201, 0.263586, 0.320503, -0.909835, 0.368, 0.306, 396.0, 397.9, 402.5, 407.1, 409.1, 407.3, 402.6, 398.0, 386.1, 391.0, 396.9, 402.8, 407.5, 410.5, 412.4, 410.2, 406.7, 402.0, 396.5, 390.8, 400.3, 402.1, 403.9, 404.7, 403.9, 402.0, 400.2, 399.5, 467.8, 469.6, 473.7, 477.8, 479.4, 477.6, 473.5, 469.0, 462.8, 465.8, 469.8, 474.8, 479.2, 482.2, 483.7, 481.9, 478.9, 475.2, 470.7, 466.1, 471.7, 473.3, 474.9, 475.6, 474.9, 473.4, 471.8, 471.1, 188.2, 182.8, 180.6, 182.8, 188.2, 193.9, 195.7, 193.5, 189.1, 187.4, 186.3, 186.0, 187.3, 189.3, 191.8, 193.5, 193.9, 193.9, 193.2, 191.7, 190.4, 191.2, 190.3, 188.2, 186.1, 185.2, 186.1, 188.2, 185.9, 181.5, 179.6, 181.5, 186.0, 190.5, 192.3, 190.7, 187.4, 185.3, 183.9, 183.3, 184.1, 185.4, 187.6, 189.9, 191.1, 191.5, 190.9, 189.8, 187.7, 188.4, 187.7, 186.0, 184.2, 183.5, 184.2, 186.0, -193.2, -192.0, -188.8, -185.7, -184.3, -185.5, -188.7, -191.8, -201.5, -197.3, -192.5, -188.0, -185.0, -183.4, -182.6, -183.6, -185.6, -188.7, -192.7, -197.3, -190.5, -189.3, -188.0, -187.6, -188.1, -189.4, -190.6, -191.1, -162.9, -161.3, -157.6, -154.0, -152.6, -154.3, -157.9, -161.9, -167.7, -164.7, -160.8, -156.2, -152.6, -150.4, -149.6, -150.8, -153.0, -156.1, -160.1, -164.6, -159.6, -158.3, -156.8, -156.2, -156.7, -158.1, -159.6, -160.2, -136.1, -140.5, -142.6, -141.3, -137.1, -132.4, -130.5, -132.0, -135.7, -136.8, -137.5, -137.9, -137.4, -136.4, -135.0, -133.0, -132.1, -131.7, -132.0, -133.3, -134.8, -134.3, -135.1, -136.9, -138.5, -139.1, -138.2, -136.5, -164.7, -169.0, -171.0, -169.5, -165.3, -161.0, -159.1, -160.3, -163.4, -165.2, -166.4, -167.1, -166.9, -166.3, -165.0, -162.2, -160.4, -159.6, -159.9, -161.1, -163.4, -162.9, -163.6, -165.3, -166.9, -167.5, -166.7, -165.0, 692.9, 693.8, 695.7, 697.5, 698.2, 697.6, 695.3, 693.5, 694.5, 693.1, 692.7, 693.6, 696.2, 699.3, 702.1, 699.3, 696.0, 693.7, 692.6, 693.0, 695.5, 696.2, 697.0, 697.3, 697.1, 696.3, 695.6, 695.2, 827.8, 828.2, 829.4, 830.8, 831.5, 831.2, 829.9, 828.7, 828.5, 827.3, 826.7, 827.5, 830.3, 833.7, 837.5, 834.4, 831.3, 828.9, 827.6, 827.9, 830.0, 830.5, 831.0, 831.1, 830.9, 830.3, 829.9, 829.7, -178.7, -112.7, 785.1, 0.192, -0.343, -0.025, 1.56, 0.66, 0.00, 0.99, 0.00, 0.00, 0.73, 1.68, 0.00, 0.67, 1.30, 1.77, 0.00, 0.00, 0.00, 0.83, 0.14, 1.0, 1.0, 0.0, 1.0, 0.0, 0.0, 1.0, 1.0, 0.0, 1.0, 1.0, 1.0, 0.0, 0.0, 0.0, 1.0, 1.0, 1.0
83, 0, 3.420, 0.98, 1, 0.423949, 0.232328, -0.875380, 0.262937, 0.316608, -0.911386, 0.367, 0.298, 394.8, 396.7, 401.3, 406.0, 408.0, 406.4, 401.5, 396.8, 384.8, 389.7, 395.7, 401.6, 406.4, 409.5, 411.4, 409.3, 405.7, 401.0, 395.4, 389.7, 399.1, 401.0, 402.9, 403.6, 402.8, 400.9, 399.0, 398.3, 466.8, 468.5, 472.6, 476.8, 478.5, 476.8, 472.6, 468.1, 461.9, 464.8, 468.7, 473.6, 478.2, 481.3, 483.1, 481.1, 478.0, 474.3, 469.7, 465.1, 470.8, 472.4, 474.0, 474.7, 474.0, 472.4, 470.8, 470.2, 189.2, 183.8, 181.5, 183.7, 189.1, 194.9, 196.8, 194.6, 190.2, 188.5, 187.3, 187.0, 188.2, 190.3, 192.7, 194.4, 194.8, 194.8, 194.2, 192.8, 191.4, 192.3, 191.4, 189.2, 187.0, 186.1, 187.1, 189.2, 186.6, 182.2, 180.4, 182.2, 186.7, 191.1, 192.9, 191.4, 188.3, 186.0, 184.5, 183.9, 184.8, 186.2, 188.5, 190.6, 191.6, 191.9, 191.4, 190.4, 188.4, 189.1, 188.4, 186.7, 185.0, 184.3, 185.0, 186.7, -192.4, -191.2, -188.1, -184.9, -183.5, -184.6, -187.8, -191.0, -200.7, -196.5, -191.7, -187.3, -184.2, -182.6, -181.8, -182.8, -184.7, -187.8, -191.9, -196.5, -189.8, -188.5, -187.2, -186.7, -187.3, -188.6, -189.9, -190.3, -165.9, -164.4, -160.6, -156.9, -155.3, -156.9, -160.6, -164.8, -170.8, -167.8, -163.9, -159.3, -155.4, -153.0, -151.9, -153.3, -155.7, -158.9, -163.0, -167.5, -162.4, -161.0, -159.6, -159.0, -159.6, -161.0, -162.4, -163.0, -134.0, -138.5, -140.7, -139.3, -135.2, -130.5, -128.6, -129.9, -133.6, -134.7, -135.5, -135.9, -135.5, -134.4, -133.1, -131.2, -130.3, -129.8, -130.1, -131.3, -132.8, -132.3, -133.1, -134.9, -136.6, -137.1, -136.3, -134.5, -166.1, -170.4, -172.4, -170.9, -166.7, -162.3, -160.3, -161.6, -164.7, -166.6, -167.9, -168.6, -168.3, -167.6, -166.0, -163.4, -161.9, -161.1, -161.4, -162.5, -164.8, -164.2, -164.9, -166.6, -168.2, -168.8, -168.1, -166.4, 686.7, 687.6, 689.5, 691.4, 692.0, 691.5, 689.2, 687.4, 688.4, 687.0, 686.5, 687.5, 690.0, 693.1, 696.0, 693.2, 689.9, 687.6, 686.5, 686.9, 689.3, 690.0, 690.8, 691.2, 690.9, 690.2, 689.4, 689.0, 838.3, 838.7, 839.9, 841.0, 841.4, 840.9, 839.8, 838.9, 839.1, 837.9, 837.2, 837.7, 840.3, 843.5, 847.0, 843.9, 840.9, 838.7, 837.7, 838.3, 840.2, 840.6, 841.0, 841.2, 841.1, 840.6, 840.2, 840.0, -180.3, -113.7, 790.0, 0.189, -0.342, -0.036, 1.85, 0.66, 0.00, 0.97, 0.00, 0.00, 0.45, 1.72, 0.08, 1.57, 1.65, 1.95, 0.00, 0.00, 0.00, 0.65, 0.18, 1.0, 1.0, 0.0, 1.0, 0.0, 0.0, 1.0, 1.0, 0.0, 1.0, 1.0, 1.0, 0.0, 0.0, 0.0, 0.0, 1.0, 0.0
84, 0, 3.462, 0.98, 1, 0.381004, 0.218142, -0.898471, 0.256420, 0.326603, -0.909714, 0.339, 0.293, 394.4, 396.1, 400.5, 405.0, 407.0, 405.6, 401.0, 396.5, 386.7, 390.8, 396.0, 401.4, 405.9, 409.0, 410.9, 408.7, 405.3, 401.0, 396.0, 390.9, 398.7, 400.5, 402.3, 403.0, 402.2, 400.3, 398.5, 397.8, 466.1, 467.8, 472.0, 476.0, 477.7, 475.9, 471.8, 467.4, 461.4, 464.2, 468.1, 473.0, 477.6, 480.7, 482.4, 480.4, 477.3, 473.6, 469.1, 464.6, 470.1, 471.6, 473.2, 473.9, 473.3, 471.7, 470.1, 469.4, 189.8, 184.9, 182.7, 184.5, 189.4, 194.7, 196.5, 194.7, 191.9, 190.2, 189.0, 188.4, 189.1, 190.7, 192.9, 194.6, 195.4, 195.7, 195.4, 194.1, 191.7, 192.5, 191.6, 189.5, 187.6, 186.8, 187.7, 189.7, 187.3, 182.9, 181.1, 182.9, 187.3, 191.7, 193.5, 192.0, 188.8, 186.6, 185.2, 184.6, 185.4, 186.7, 188.9, 191.1, 192.3, 192.7, 192.2, 191.1, 189.0, 189.7, 189.0, 187.3, 185.6, 184.9, 185.6, 187.3, -213.6, -212.3, -208.9, -205.3, -203.7, -205.0, -208.5, -212.0, -220.9, -216.8, -212.1, -207.5, -204.2, -202.3, -201.4, -202.7, -204.9, -208.1, -212.2, -216.8, -210.5, -209.1, -207.7, -207.1, -207.8, -209.3, -210.7, -211.2, -167.9, -166.3, -162.5, -158.8, -157.3, -159.0, -162.8, -166.9, -172.6, -169.7, -165.8, -161.1, -157.2, -154.8, -153.7, -155.1, -157.6, -160.8, -165.0, -169.4, -164.5, -163.0, -161.5, -160.9, -161.5, -162.9, -164.4, -165.0, -148.0, -152.5, -154.7, -153.3, -149.2, -144.5, -142.6, -143.9, -146.6, -147.7, -148.6, -149.2, -149.1, -148.3, -146.9, -144.9, -143.7, -143.0, -143.2, -144.4, -146.8, -146.2, -147.1, -149.0, -150.7, -151.2, -150.3, -148.5, -166.8, -171.0, -173.0, -171.4, -167.3, -163.1, -161.1, -162.4, -165.5, -167.3, -168.5, -169.2, -168.9, -168.3, -166.9, -164.2, -162.5, -161.7, -162.0, -163.2, -165.5, -164.9, -165.7, -167.3, -168.9, -169.5, -168.8, -167.1, 761.1, 761.7, 763.1, 764.6, 765.2, 765.0, 763.1, 761.7, 763.0, 761.3, 760.5, 761.0, 763.4, 766.4, 769.2, 766.8, 763.8, 761.8, 761.1, 761.6, 763.3, 763.9, 764.5, 764.7, 764.5, 763.9, 763.3, 763.1, 845.0, 845.2, 846.1, 847.2, 847.8, 847.6, 846.7, 845.8, 846.0, 844.6, 843.7, 844.2, 846.7, 849.9, 853.6, 850.6, 847.7, 845.6, 844.6, 845.2, 846.9, 847.3, 847.7, 847.7, 847.5, 847.1, 846.7, 846.6, -181.3, -113.4, 793.2, 0.204, -0.348, -0.033, 1.61, 0.64, 0.00, 0.61, 0.04, 0.00, 0.50, 1.74, 0.00, 1.61, 1.65, 1.94, 0.00, 0.00, 0.00, 0.48, 0.28, 1.0, 1.0, 0.0, 0.0, 0.0, 0.0, 0.0, 1.0, 0.0, 1.0, 1.0, 1.0, 0.0, 0.0, 0.0, 0.0, 1.0, 1.0
85, 0, 3.503, 0.98, 1, 0.395794, 0.251257, -0.883299, 0.230670, 0.367689, -0.900886, 0.338, 0.334, 393.6, 395.5, 400.0, 404.6, 406.6, 405.0, 400.2, 395.6, 385.3, 389.7, 395.0, 400.6, 405.2, 408.4, 410.4, 408.1, 404.6, 400.1, 394.9, 389.6, 398.0, 399.8, 401.7, 402.4, 401.6, 399.7, 397.9, 397.2, 465.0, 466.6, 471.0, 475.4, 477.3, 475.6, 471.3, 466.6, 461.0, 463.4, 466.9, 471.6, 476.7, 480.9, 484.2, 481.1, 477.0, 472.5, 467.9, 463.8, 469.6, 471.3, 472.9, 473.6, 472.8, 471.2, 469.5, 468.9, 190.4, 185.3, 183.0, 185.0, 190.0, 195.4, 197.4, 195.4, 191.9, 190.6, 189.6, 189.1, 189.8, 191.3, 193.3, 195.0, 195.8, 196.1, 195.7, 194.3, 192.3, 193.1, 192.2, 190.1, 188.1, 187.3, 188.2, 190.3, 187.8, 183.5, 181.7, 183.5, 187.9, 192.3, 194.1, 192.5, 188.8, 187.1, 186.0, 185.5, 185.8, 186.4, 187.7, 190.7, 192.5, 193.2, 192.7, 191.3, 189.3, 190.0, 189.4, 187.7, 186.0, 185.3, 186.0, 187.7, -208.5, -207.1, -203.6, -200.1, -198.7, -200.0, -203.6, -207.0, -216.1, -211.9, -207.1, -202.6, -199.3, -197.4, -196.5, -197.8, -200.0, -203.3, -207.4, -212.0, -205.5, -204.1, -202.7, -202.1, -202.7, -204.1, -205.5, -206.1, -165.1, -163.3, -159.0, -154.9, -153.3, -155.1, -159.4, -163.9, -169.4, -166.6, -162.8, -158.1, -153.5, -150.0, -147.5, -150.1, -153.7, -157.8, -162.2, -166.5, -160.9, -159.3, -157.7, -157.0, -157.6, -159.2, -160.8, -161.5, -143.5, -147.9, -150.1, -148.8, -144.7, -140.1, -138.1, -139.4, -142.6, -143.5, -144.1, -144.6, -144.5, -143.8, -142.6, -140.7, -139.5, -138.9, -139.1, -140.3, -142.3, -141.8, -142.7, -144.5, -146.2, -146.7, -145.8, -144.0, -162.4, -166.3, -167.7, -166.0, -162.1, -158.3, -156.8, -158.3, -162.0, -163.1, -163.7, -163.9, -163.8, -163.7, -163.1, -160.0, -158.0, -157.2, -157.7, -159.4, -161.2, -160.5, -161.1, -162.6, -164.1, -164.7, -164.2, -162.7, 740.5, 740.9, 742.3, 743.9, 744.7, 744.7, 742.9, 741.3, 742.5, 740.8, 739.8, 740.3, 742.7, 745.8, 748.7, 746.2, 743.3, 741.3, 740.5, 741.1, 742.9, 743.5, 744.1, 744.2, 743.9, 743.3, 742.7, 742.5, 825.5, 824.1, 823.2, 823.3, 824.3, 825.7, 826.7, 827.0, 828.1, 825.3, 822.9, 821.7, 822.7, 825.0, 828.2, 826.5, 825.1, 824.5, 825.1, 826.8, 826.4, 826.4, 826.0, 825.5, 825.1, 825.0, 825.4, 826.0, -179.9, -111.0, 783.4, 0.229, -0.343, -0.023, 1.56, 0.39, 0.00, 0.97, 0.06, 0.00, 0.55, 1.62, 0.00, 1.33, 1.49, 1.33, 0.00, 0.00, 0.00, 0.47, 0.28, 1.0, 1.0, 0.0, 1.0, 0.0, 0.0, 1.0, 1.0, 0.0, 1.0, 1.0, 1.0, 0.0, 0.0, 0.0, 0.0, 1.0, 1.0
86, 0, 3.545, 0.98, 1, 0.403234, 0.266750, -0.875356, 0.255861, 0.350419, -0.900967, 0.355, 0.334, 393.3, 395.3, 400.0, 404.7, 406.6, 404.8, 399.8, 395.2, 384.3, 388.7, 394.3, 400.2, 405.0, 408.3, 410.3, 407.8, 404.1, 399.3, 393.9, 388.6, 397.7, 399.6, 401.5, 402.3, 401.5, 399.6, 397.8, 397.0, 465.4, 467.3, 471.4, 475.5, 477.2, 475.3, 471.2, 466.7, 460.6, 463.4, 467.3, 472.3, 476.9, 480.0, 481.8, 479.8, 476.6, 472.8, 468.3, 463.7, 469.4, 471.0, 472.7, 473.4, 472.7, 471.1, 469.5, 468.8, 190.6, 185.4, 183.1, 185.0, 190.1, 195.6, 197.5, 195.6, 191.1, 189.7, 188.8, 188.5, 189.5, 191.3, 193.6, 195.3, 195.9, 196.1, 195.5, 193.9, 192.3, 193.1, 192.2, 190.1, 188.1, 187.3, 188.3, 190.3, 187.9, 183.4, 181.6, 183.5, 188.0, 192.4, 194.2, 192.6, 189.5, 187.2, 185.8, 185.2, 186.1, 187.4, 189.6, 191.8, 192.9, 193.3, 192.8, 191.7, 189.6, 190.3, 189.6, 187.9, 186.2, 185.5, 186.2, 187.9, -203.0, -201.3, -197.7, -194.3, -193.1, -194.7, -198.3, -201.8, -211.1, -206.9, -201.9, -197.3, -193.9, -192.0, -191.1, -192.5, -194.9, -198.3, -202.5, -207.2, -200.0, -198.6, -197.2, -196.5, -197.0, -198.4, -199.8, -200.5, -166.7, -165.0, -161.2, -157.5, -156.1, -157.8, -161.6, -165.7, -171.6, -168.6, -164.7, -160.0, -156.1, -153.7, -152.6, -154.1, -156.6, -159.8, -164.0, -168.4, -163.3, -161.8, -160.4, -159.7, -160.3, -161.7, -163.2, -163.8, -139.4, -143.7, -145.8, -144.5, -140.6, -136.1, -134.2, -135.5, -139.4, -140.2, -140.7, -141.0, -140.7, -139.8, -138.4, -136.6, -135.5, -135.0, -135.4, -136.9, -138.4, -137.9, -138.7, -140.4, -142.0, -142.5, -141.7, -140.0, -164.4, -168.7, -170.6, -169.0, -164.9, -160.6, -158.7, -160.0, -163.1, -164.9, -166.1, -166.7, -166.5, -165.9, -164.4, -161.8, -160.1, -159.4, -159.7, -160.8, -163.1, -162.5, -163.3, -164.9, -166.5, -167.1, -166.4, -164.7, 719.9, 719.9, 721.1, 722.6, 723.7, 724.1, 722.6, 721.0, 722.5, 720.5, 719.3, 719.6, 721.9, 725.0, 727.9, 725.6, 722.8, 721.0, 720.3, 721.0, 722.3, 722.9, 723.3, 723.3, 722.9, 722.3, 721.8, 721.8, 835.7, 835.9, 836.9, 838.0, 838.7, 838.5, 837.5, 836.6, 836.7, 835.3, 834.4, 834.9, 837.4, 840.7, 844.3, 841.4, 838.5, 836.4, 835.4, 836.0, 837.7, 838.1, 838.5, 838.5, 838.3, 837.8, 837.5, 837.4, -180.1, -110.2, 782.2, 0.242, -0.331, -0.017, 1.51, 0.45, 0.00, 0.83, 0.00, 0.00, 0.50, 1.64, 0.00, 0.96, 1.20, 1.12, 0.00, 0.00, 0.25, 0.15, 0.27, 1.0, 1.0, 0.0, 1.0, 0.0, 0.0, 1.0, 1.0, 0.0, 1.0, 1.0, 1.0, 0.0, 0.0, 0.0, 0.0, 1.0, 1.0
87, 0, 3.587, 0.88, 1, 0.378082, 0.256462, -0.889540, 0.263820, 0.341603, -0.902057, 0.344, 0.322, 393.4, 395.2, 399.7, 404.2, 406.2, 404.6, 399.9, 395.3, 385.6, 389.6, 394.8, 400.2, 404.9, 408.1, 410.1, 407.7, 404.2, 399.7, 394.7, 389.6, 397.7, 399.5, 401.4, 402.1, 401.3, 399.4, 397.6, 396.9, 465.4, 467.2, 471.4, 475.4, 477.0, 475.2, 471.0, 466.6, 460.4, 463.3, 467.1, 472.1, 476.7, 479.9, 481.6, 479.5, 476.4, 472.5, 468.0, 463.5, 469.3, 470.9, 472.5, 473.2, 472.6, 471.1, 469.4, 468.7, 190.7, 185.7, 183.4, 185.3, 190.1, 195.5, 197.4, 195.6, 192.2, 190.7, 189.7, 189.2, 189.9, 191.4, 193.5, 195.2, 195.9, 196.3, 195.9, 194.6, 192.5, 193.2, 192.3, 190.3, 188.3, 187.6, 188.5, 190.5, 187.8, 183.5, 181.7, 183.6, 188.1, 192.4, 194.2, 192.5, 189.5, 187.3, 185.8, 185.3, 186.1, 187.5, 189.8, 192.0, 193.2, 193.5, 192.9, 191.8, 189.6, 190.3, 189.7, 188.0, 186.2, 185.5, 186.2, 187.9, -214.5, -213.0, -209.4, -205.8, -204.3, -205.7, -209.4, -213.0, -221.9, -217.9, -213.0, -208.4, -204.9, -202.9, -201.9, -203.4, -205.8, -209.2, -213.4, -218.0, -211.3, -209.9, -208.4, -207.8, -208.4, -209.9, -211.3, -211.9, -167.3, -165.5, -161.7, -158.0, -156.7, -158.4, -162.2, -166.3, -172.2, -169.2, -165.3, -160.6, -156.7, -154.3, -153.2, -154.7, -157.3, -160.5, -164.7, -169.1, -163.9, -162.4, -160.9, -160.3, -160.8, -162.2, -163.7, -164.4, -147.2, -151.6, -153.8, -152.5, -148.4, -143.8, -141.8, -143.2, -146.4, -147.3, -147.9, -148.4, -148.3, -147.5, -146.2, -144.3, -143.1, -142.5, -142.8, -144.1, -146.1, -145.6, -146.5, -148.3, -149.9, -150.4, -149.6, -147.8, -164.9, -169.1, -171.0, -169.4, -165.3, -161.0, -159.2, -160.6, -163.5, -165.4, -166.6, -167.2, -166.9, -166.2, -164.7, -162.0, -160.3, -159.6, -160.0, -161.2, -163.6, -163.0, -163.7, -165.3, -166.9, -167.6, -166.8, -165.2, 761.0, 761.2, 762.3, 763.7, 764.5, 764.7, 763.2, 761.8, 763.3, 761.4, 760.2, 760.5, 762.6, 765.6, 768.5, 766.2, 763.4, 761.7, 761.1, 761.9, 763.2, 763.7, 764.2, 764.3, 763.9, 763.4, 762.9, 762.8, 838.1, 838.3, 839.3, 840.4, 841.1, 840.8, 839.9, 839.0, 839.3, 837.8, 836.9, 837.3, 839.8, 843.0, 846.7, 843.8, 840.9, 838.8, 837.9, 838.5, 840.1, 840.5, 840.9, 840.9, 840.7, 840.2, 839.9, 839.8, -181.3, -110.7, 786.7, 0.245, -0.332, -0.015, 1.45, 0.30, 0.00, 0.59, 0.01, 0.00, 0.57, 1.61, 0.00, 0.66, 1.16, 1.14, 0.00, 0.00, 0.30, 0.05, 0.45, 1.0, 1.0, 0.0, 0.0, 0.0, 0.0, 1.0, 1.0, 0.0, 0.0, 1.0, 1.0, 0.0, 0.0, 0.0, 0.0, 1.0, 1.0
88, 0, 3.629, 0.93, 1, 0.381347, 0.253888, -0.888884, 0.261264, 0.335209, -0.905194, 0.344, 0.317, 393.2, 395.0, 399.5, 404.1, 406.0, 404.4, 399.7, 395.2, 385.6, 389.5, 394.6, 400.0, 404.7, 407.9, 409.9, 407.5, 403.9, 399.4, 394.4, 389.5, 397.5, 399.4, 401.2, 402.0, 401.2, 399.3, 397.5, 396.7, 465.2, 467.0, 471.1, 475.1, 476.7, 474.9, 470.8, 466.4, 460.4, 463.1, 466.9, 471.9, 476.5, 479.7, 481.5, 479.4, 476.2, 472.4, 467.9, 463.5, 469.1, 470.7, 472.3, 473.0, 472.4, 470.8, 469.2, 468.5, 190.8, 185.8, 183.6, 185.5, 190.3, 195.6, 197.5, 195.6, 192.3, 190.8, 189.8, 189.2, 189.9, 191.5, 193.6, 195.3, 196.1, 196.4, 196.0, 194.7, 192.6, 193.3, 192.4, 190.4, 188.5, 187.7, 188.6, 190.6, 187.9, 183.5, 181.8, 183.6, 188.0, 192.4, 194.1, 192.5, 189.6, 187.4, 185.8, 185.3, 186.1, 187.5, 189.8, 192.1, 193.2, 193.6, 193.0, 191.9, 189.6, 190.4, 189.7, 188.0, 186.3, 185.5, 186.2, 187.9, -216.5, -215.0, -211.3, -207.7, -206.2, -207.6, -211.4, -215.0, -223.9, -219.9, -215.0, -210.4, -206.8, -204.8, -203.7, -205.3, -207.7, -211.2, -215.4, -220.0, -213.3, -211.8, -210.3, -209.7, -210.3, -211.8, -213.3, -213.9, -168.4, -166.7, -162.9, -159.2, -157.7, -159.4, -163.3, -167.3, -173.2, -170.3, -166.4, -161.7, -157.7, -155.3, -154.2, -155.7, -158.2, -161.5, -165.7, -170.1, -164.9, -163.5, -162.0, -161.3, -161.9, -163.3, -164.8, -165.5, -148.4, -152.8, -155.0, -153.6, -149.5, -144.9, -143.0, -144.3, -147.5, -148.5, -149.2, -149.7, -149.5, -148.7, -147.3, -145.4, -144.2, -143.6, -143.9, -145.2, -147.3, -146.7, -147.6, -149.4, -151.0, -151.6, -150.7, -148.9, -165.8, -170.0, -171.9, -170.3, -166.2, -161.9, -160.1, -161.4, -164.3, -166.2, -167.5, -168.1, -167.8, -167.1, -165.5, -162.8, -161.1, -160.4, -160.8, -162.0, -164.4, -163.8, -164.6, -166.2, -167.8, -168.5, -167.7, -166.1, 767.5, 767.7, 768.8, 770.1, 770.9, 771.1, 769.7, 768.3, 770.0, 768.0, 766.7, 767.0, 769.1, 772.0, 774.8, 772.5, 769.8, 768.1, 767.7, 768.5, 769.6, 770.2, 770.6, 770.7, 770.4, 769.8, 769.4, 769.3, 842.7, 843.0, 843.9, 844.9, 845.5, 845.2, 844.3, 843.5, 843.9, 842.4, 841.4, 841.8, 844.3, 847.5, 851.1, 848.2, 845.3, 843.3, 842.4, 843.0, 844.6, 845.0, 845.3, 845.4, 845.2, 844.8, 844.4, 844.3, -182.3, -111.3, 790.3, 0.238, -0.334, -0.017, 1.54, 0.49, 0.02, 0.88, 0.00, 0.00, 0.38, 1.49, 0.00, 0.92, 1.14, 1.23, 0.00, 0.00, 0.20, 0.00, 0.42, 1.0, 1.0, 0.0, 0.0, 0.0, 0.0, 0.0, 1.0, 0.0, 1.0, 1.0, 1.0, 0.0, 0.0, 0.0, 0.0, 1.0, 1.0
89, 0, 3.670, 0.98, 1, 0.422244, 0.251120, -0.871004, 0.254923, 0.338992, -0.905593, 0.364, 0.321, 392.8, 394.8, 399.6, 404.2, 406.1, 404.3, 399.4, 394.7, 383.0, 387.6, 393.5, 399.6, 404.5, 407.7, 409.7, 407.3, 403.5, 398.7, 393.2, 387.6, 397.2, 399.0, 400.9, 401.7, 400.9, 399.1, 397.2, 396.4, 464.9, 466.7, 470.8, 474.9, 476.5, 474.7, 470.6, 466.1, 460.0, 462.8, 466.7, 471.7, 476.3, 479.5, 481.2, 479.2, 476.1, 472.3, 467.7, 463.2, 468.8, 470.4, 472.0, 472.7, 472.1, 470.5, 468.9, 468.2, 190.7, 185.3, 183.0, 185.1, 190.3, 196.0, 197.9, 195.9, 191.4, 189.8, 188.8, 188.4, 189.6, 191.6, 194.0, 195.6, 196.1, 196.2, 195.6, 194.1, 192.6, 193.4, 192.5, 190.4, 188.3, 187.5, 188.4, 190.5, 188.1, 183.7, 181.9, 183.7, 188.2, 192.6, 194.4, 192.8, 189.7, 187.5, 186.0, 185.5, 186.3, 187.6, 189.8, 192.1, 193.3, 193.7, 193.1, 192.0, 189.8, 190.6, 189.8, 188.1, 186.4, 185.7, 186.4, 188.1, -197.3, -195.8, -192.4, -189.1, -187.9, -189.4, -192.8, -196.1, -205.8, -201.6, -196.6, -191.9, -188.7, -186.9, -186.1, -187.4, -189.6, -192.9, -197.1, -201.7, -194.5, -193.2, -191.9, -191.3, -191.8, -193.1, -194.4, -195.0, -167.0, -165.3, -161.6, -157.9, -156.4, -158.1, -161.9, -165.9, -171.8, -168.8, -164.9, -160.3, -156.4, -154.0, -153.0, -154.4, -156.9, -160.0, -164.2, -168.6, -163.6, -162.1, -160.7, -160.0, -160.6, -162.0, -163.5, -164.1, -135.2, -139.5, -141.6, -140.3, -136.3, -131.8, -129.9, -131.2, -135.0, -135.9, -136.6, -137.0, -136.5, -135.5, -134.1, -132.4, -131.4, -131.0, -131.2, -132.6, -134.1, -133.6, -134.4, -136.2, -137.7, -138.2, -137.4, -135.7, -163.9, -168.1, -170.1, -168.5, -164.4, -160.2, -158.2, -159.5, -162.6, -164.4, -165.6, -166.3, -166.0, -165.4, -163.9, -161.2, -159.5, -158.7, -159.0, -160.2, -162.6, -162.0, -162.8, -164.4, -166.0, -166.6, -165.9, -164.2, 698.4, 698.8, 700.2, 701.9, 702.9, 702.9, 701.1, 699.4, 700.8, 699.0, 698.0, 698.5, 700.9, 704.0, 707.0, 704.5, 701.5, 699.4, 698.6, 699.2, 700.9, 701.6, 702.2, 702.3, 701.9, 701.2, 700.6, 700.5, 834.2, 834.5, 835.4, 836.6, 837.3, 837.1, 836.1, 835.1, 835.2, 833.9, 833.0, 833.5, 836.1, 839.3, 843.1, 840.1, 837.2, 835.0, 833.9, 834.5, 836.2, 836.7, 837.1, 837.1, 836.9, 836.4, 836.0, 836.0, -182.1, -111.2, 788.1, 0.228, -0.337, -0.017, 1.90, 0.50, 0.00, 1.11, 0.02, 0.00, 0.46, 1.32, 0.00, 1.23, 1.28, 1.03, 0.00, 0.00, 0.02, 0.05, 0.20, 1.0, 1.0, 0.0, 0.0, 0.0, 0.0, 1.0, 1.0, 0.0, 1.0, 1.0, 1.0, 0.0, 0.0, 0.0, 0.0, 1.0, 1.0
90, 0, 3.712, 0.93, 1, 0.395791, 0.251950, -0.883103, 0.259623, 0.343026, -0.902734, 0.352, 0.322, 392.8, 394.7, 399.3, 403.8, 405.7, 404.0, 399.3, 394.7, 384.2, 388.6, 394.0, 399.7, 404.4, 407.5, 409.4, 407.1, 403.5, 399.0, 393.8, 388.6, 397.1, 398.9, 400.8, 401.5, 400.8, 398.9, 397.1, 396.4, 464.7, 466.5, 470.6, 474.7, 476.3, 474.5, 470.4, 466.0, 459.8, 462.6, 466.5, 471.5, 476.1, 479.2, 480.9, 478.8, 475.8, 472.0, 467.5, 462.9, 468.7, 470.2, 471.8, 472.5, 471.9, 470.3, 468.7, 468.0, 190.7, 185.6, 183.4, 185.3, 190.3, 195.7, 197.7, 195.7, 192.1, 190.7, 189.6, 189.2, 189.9, 191.5, 193.6, 195.4, 196.1, 196.4, 195.9, 194.6, 192.6, 193.3, 192.4, 190.4, 188.4, 187.6, 188.5, 190.6, 188.2, 183.8, 182.0, 183.8, 188.3, 192.7, 194.5, 192.9, 189.7, 187.5, 186.1, 185.5, 186.3, 187.7, 190.0, 192.2, 193.3, 193.7, 193.2, 192.0, 189.9, 190.6, 189.9, 188.2, 186.5, 185.8, 186.5, 188.2, -208.0, -206.5, -203.1, -199.7, -198.3, -199.8, -203.3, -206.7, -215.9, -211.7, -206.8, -202.2, -198.9, -197.1, -196.2, -197.6, -199.8, -203.1, -207.2, -211.8, -205.1, -203.7, -202.3, -201.7, -202.3, -203.6, -205.0, -205.6, -167.5, -165.9, -162.1, -158.5, -157.1, -158.7, -162.5, -166.5, -172.5, -169.5, -165.6, -160.9, -157.0, -154.7, -153.7, -155.1, -157.5, -160.7, -164.8, -169.3, -164.1, -162.7, -161.3, -160.6, -161.2, -162.6, -164.1, -164.7, -142.5, -146.8, -149.0, -147.7, -143.7, -139.1, -137.1, -138.4, -141.7, -142.6, -143.2, -143.7, -143.6, -142.8, -141.6, -139.7, -138.5, -137.9, -138.1, -139.4, -141.4, -140.8, -141.7, -143.5, -145.1, -145.6, -144.7, -143.0, -164.2, -168.5, -170.4, -168.9, -164.8, -160.5, -158.6, -159.9, -162.9, -164.8, -166.0, -166.6, -166.4, -165.7, -164.2, -161.5, -159.9, -159.1, -159.4, -160.6, -163.0, -162.4, -163.1, -164.8, -166.4, -166.9, -166.2, -164.5, 736.4, 736.7, 738.1, 739.7, 740.7, 740.8, 739.0, 737.4, 738.6, 736.7, 735.7, 736.2, 738.6, 741.7, 744.7, 742.2, 739.3, 737.4, 736.6, 737.2, 738.8, 739.5, 740.0, 740.2, 739.8, 739.1, 738.6, 738.5, 836.3, 836.5, 837.6, 838.8, 839.5, 839.3, 838.2, 837.2, 837.3, 835.9, 835.1, 835.6, 838.2, 841.5, 845.2, 842.2, 839.3, 837.1, 836.0, 836.5, 838.3, 838.8, 839.2, 839.3, 839.0, 838.5, 838.1, 838.1, -183.0, -111.4, 790.8, 0.238, -0.332, -0.013, 1.61, 0.49, 0.02, 0.84, 0.00, 0.00, 0.54, 1.54, 0.00, 1.13, 1.40, 1.11, 0.00, 0.00, 0.19, 0.06, 0.36, 1.0, 1.0, 0.0, 0.0, 0.0, 0.0, 1.0, 1.0, 0.0, 1.0, 1.0, 1.0, 0.0, 0.0, 0.0, 0.0, 1.0, 1.0
91, 0, 3.754, 0.93, 1, 0.394470, 0.270488, -0.878197, 0.273154, 0.340458, -0.899708, 0.359, 0.331, 392.5, 394.5, 399.2, 403.8, 405.7, 403.9, 399.1, 394.4, 383.9, 388.2, 393.7, 399.4, 404.2, 407.4, 409.4, 407.0, 403.3, 398.7, 393.4, 388.1, 396.9, 398.8, 400.6, 401.4, 400.7, 398.8, 396.9, 396.2, 464.7, 466.6, 470.7, 474.8, 476.4, 474.5, 470.3, 465.9, 459.5, 462.4, 466.3, 471.4, 476.0, 479.1, 480.7, 478.7, 475.6, 471.8, 467.2, 462.6, 468.6, 470.2, 471.8, 472.5, 471.9, 470.4, 468.8, 468.0, 190.8, 185.7, 183.4, 185.3, 190.3, 195.8, 197.8, 195.9, 191.7, 190.4, 189.4, 189.1, 189.9, 191.5, 193.7, 195.4, 196.1, 196.3, 195.8, 194.3, 192.6, 193.4, 192.5, 190.4, 188.4, 187.6, 188.6, 190.6, 188.0, 183.6, 181.9, 183.8, 188.3, 192.7, 194.5, 192.8, 189.7, 187.4, 185.9, 185.3, 186.2, 187.7, 190.1, 192.3, 193.4, 193.8, 193.2, 192.0, 189.9, 190.6, 189.9, 188.2, 186.5, 185.7, 186.4, 188.1, -207.0, -205.4, -201.8, -198.3, -197.0, -198.6, -202.2, -205.7, -214.9, -210.7, -205.8, -201.1, -197.7, -195.8, -194.9, -196.4, -198.7, -202.1, -206.3, -210.9, -204.0, -202.6, -201.1, -200.5, -201.0, -202.4, -203.8, -204.5, -165.8, -164.1, -160.3, -156.7, -155.4, -157.1, -160.8, -164.8, -170.9, -167.9, -164.0, -159.3, -155.5, -153.2, -152.2, -153.6, -156.1, -159.3, -163.4, -167.8, -162.4, -161.1, -159.6, -159.0, -159.5, -160.9, -162.3, -163.0, -141.5, -145.8, -148.0, -146.7, -142.7, -138.1, -136.2, -137.5, -141.2, -142.0, -142.5, -142.9, -142.6, -141.9, -140.6, -138.7, -137.6, -137.1, -137.4, -138.8, -140.4, -139.9, -140.8, -142.5, -144.1, -144.6, -143.8, -142.0, -162.6, -166.9, -168.8, -167.2, -163.1, -158.8, -156.9, -158.2, -161.2, -163.2, -164.4, -165.1, -164.7, -164.0, -162.4, -159.7, -158.1, -157.4, -157.7, -158.9, -161.3, -160.7, -161.4, -163.1, -164.7, -165.3, -164.6, -162.9, 731.8, 731.9, 733.2, 734.7, 735.8, 736.0, 734.4, 732.9, 734.2, 732.2, 731.1, 731.4, 733.7, 736.8, 739.8, 737.4, 734.6, 732.7, 732.1, 732.7, 734.2, 734.8, 735.3, 735.4, 734.9, 734.3, 733.8, 733.8, 827.5, 827.8, 828.9, 830.2, 830.8, 830.5, 829.4, 828.3, 828.5, 827.1, 826.3, 826.8, 829.4, 832.8, 836.4, 833.5, 830.5, 828.3, 827.3, 827.8, 829.5, 830.0, 830.5, 830.6, 830.3, 829.8, 829.4, 829.3, -182.6, -110.7, 787.7, 0.244, -0.328, -0.009, 1.46, 0.36, 0.00, 1.46, 0.00, 0.00, 0.39, 1.34, 0.00, 0.87, 1.05, 1.03, 0.00, 0.00, 0.37, 0.00, 0.39, 1.0, 1.0, 0.0, 1.0, 0.0, 0.0, 1.0, 1.0, 0.0, 1.0, 1.0, 1.0, 0.0, 0.0, 0.0, 0.0, 1.0, 1.0
92, 0, 3.795, 0.93, 1, 0.424594, 0.262752, -0.866419, 0.267063, 0.341569, -0.901115, 0.373, 0.329, 392.7, 394.8, 399.6, 404.3, 406.1, 404.2, 399.2, 394.6, 382.7, 387.5, 393.5, 399.6, 404.5, 407.7, 409.5, 407.1, 403.3, 398.5, 392.9, 387.3, 397.1, 399.0, 400.8, 401.6, 400.9, 399.1, 397.2, 396.4, 464.7, 466.5, 470.7, 474.8, 476.4, 474.5, 470.4, 465.9, 459.5, 462.4, 466.4, 471.5, 476.1, 479.2, 480.8, 478.8, 475.6, 471.8, 467.3, 462.7, 468.7, 470.2, 471.8, 472.5, 471.9, 470.4, 468.8, 468.1, 190.4, 185.0, 182.7, 184.7, 190.0, 195.7, 197.7, 195.6, 190.9, 189.4, 188.4, 188.2, 189.3, 191.3, 193.7, 195.4, 196.0, 196.1, 195.4, 193.8, 192.2, 193.0, 192.1, 190.0, 188.0, 187.2, 188.1, 190.2, 187.8, 183.4, 181.6, 183.5, 187.9, 192.4, 194.2, 192.6, 189.4, 187.1, 185.6, 185.0, 186.0, 187.4, 189.8, 192.0, 193.1, 193.5, 192.9, 191.7, 189.6, 190.3, 189.6, 187.9, 186.2, 185.4, 186.1, 187.8, -194.9, -193.3, -190.0, -186.8, -185.6, -187.2, -190.6, -193.8, -203.5, -199.2, -194.2, -189.5, -186.3, -184.7, -184.0, -185.3, -187.5, -190.7, -194.8, -199.5, -192.2, -190.9, -189.6, -189.0, -189.4, -190.7, -192.0, -192.6, -165.8, -164.1, -160.4, -156.8, -155.4, -157.1, -160.8, -164.8, -170.9, -167.9, -164.0, -159.3, -155.4, -153.1, -152.2, -153.6, -156.0, -159.2, -163.3, -167.8, -162.5, -161.1, -159.6, -159.0, -159.5, -160.9, -162.4, -163.0, -133.7, -138.0, -140.1, -138.9, -134.9, -130.4, -128.5, -129.8, -133.7, -134.6, -135.2, -135.5, -135.1, -134.1, -132.7, -130.9, -129.9, -129.5, -129.8, -131.2, -132.7, -132.2, -133.1, -134.8, -136.3, -136.8, -135.9, -134.3, -162.9, -167.1, -169.0, -167.5, -163.4, -159.1, -157.2, -158.6, -161.6, -163.5, -164.7, -165.4, -165.0, -164.3, -162.7, -160.0, -158.4, -157.7, -158.1, -159.3, -161.6, -161.0, -161.8, -163.4, -165.0, -165.6, -164.8, -163.2, 689.8, 690.0, 691.4, 693.3, 694.4, 694.5, 692.7, 690.9, 692.1, 690.3, 689.3, 689.8, 692.4, 695.6, 698.6, 696.1, 693.1, 691.0, 690.1, 690.6, 692.4, 693.1, 693.6, 693.7, 693.3, 692.6, 692.0, 691.9, 827.7, 828.0, 829.1, 830.3, 831.0, 830.7, 829.6, 828.6, 828.8, 827.4, 826.5, 827.0, 829.7, 833.0, 836.7, 833.7, 830.7, 828.5, 827.5, 828.0, 829.8, 830.2, 830.6, 830.7, 830.5, 830.0, 829.6, 829.5, -181.5, -110.3, 783.8, 0.246, -0.334, -0.008, 1.64, 0.46, 0.00, 1.29, 0.00, 0.00, 0.39, 1.49, 0.00, 0.93, 1.09, 1.05, 0.00, 0.00, 0.32, 0.00, 0.34, 1.0, 1.0, 0.0, 1.0, 0.0, 0.0, 1.0, 1.0, 0.0, 0.0, 1.0, 1.0, 0.0, 0.0, 0.0, 0.0, 1.0, 1.0
93, 0, 3.837, 0.93, 1, 0.404427, 0.252873, -0.878917, 0.255457, 0.345928, -0.902815, 0.355, 0.324, 393.5, 395.4, 399.9, 404.5, 406.4, 404.8, 400.0, 395.4, 384.7, 389.2, 394.7, 400.4, 405.1, 408.2, 410.2, 407.9, 404.3, 399.8, 394.5, 389.2, 397.8, 399.6, 401.4, 402.2, 401.4, 399.6, 397.7, 397.0, 465.1, 466.9, 471.1, 475.2, 476.8, 475.0, 470.8, 466.3, 460.4, 463.2, 467.0, 472.1, 476.7, 479.8, 481.6, 479.5, 476.3, 472.6, 468.0, 463.5, 469.1, 470.7, 472.3, 473.0, 472.4, 470.8, 469.2, 468.5, 190.0, 184.8, 182.6, 184.6, 189.7, 195.2, 197.1, 195.1, 191.4, 190.0, 188.9, 188.5, 189.3, 191.0, 193.1, 194.8, 195.5, 195.7, 195.3, 193.9, 192.0, 192.8, 191.9, 189.8, 187.7, 186.9, 187.8, 189.9, 187.5, 183.1, 181.3, 183.1, 187.6, 192.0, 193.8, 192.2, 189.0, 186.8, 185.3, 184.8, 185.6, 187.0, 189.3, 191.5, 192.7, 193.0, 192.5, 191.3, 189.2, 189.9, 189.2, 187.5, 185.8, 185.1, 185.8, 187.5, -204.9, -203.5, -200.1, -196.7, -195.3, -196.7, -200.1, -203.5, -212.8, -208.5, -203.7, -199.1, -195.9, -194.1, -193.3, -194.5, -196.7, -199.9, -204.0, -208.6, -202.0, -200.6, -199.3, -198.7, -199.3, -200.6, -202.0, -202.6, -167.1, -165.4, -161.6, -157.9, -156.5, -158.2, -162.0, -166.1, -171.8, -168.9, -165.0, -160.3, -156.3, -153.9, -152.9, -154.4, -156.9, -160.1, -164.2, -168.7, -163.7, -162.2, -160.7, -160.1, -160.6, -162.1, -163.6, -164.2, -141.3, -145.7, -147.9, -146.5, -142.4, -137.8, -135.8, -137.2, -140.5, -141.4, -142.1, -142.5, -142.3, -141.5, -140.4, -138.4, -137.3, -136.7, -136.9, -138.1, -140.1, -139.6, -140.4, -142.2, -143.9, -144.4, -143.6, -141.8, -164.8, -169.1, -171.0, -169.4, -165.3, -161.0, -159.2, -160.5, -163.6, -165.4, -166.6, -167.2, -166.9, -166.3, -164.7, -162.0, -160.4, -159.6, -160.0, -161.2, -163.6, -162.9, -163.7, -165.3, -166.9, -167.5, -166.8, -165.1, 727.3, 727.8, 729.4, 731.0, 731.7, 731.6, 729.7, 728.0, 729.2, 727.5, 726.6, 727.2, 729.6, 732.7, 735.7, 733.1, 730.1, 728.1, 727.2, 727.8, 729.7, 730.3, 730.9, 731.2, 730.9, 730.2, 729.6, 729.4, 836.0, 836.1, 837.0, 838.1, 838.8, 838.6, 837.7, 836.8, 837.0, 835.6, 834.6, 835.1, 837.6, 840.8, 844.5, 841.6, 838.7, 836.6, 835.6, 836.2, 837.9, 838.3, 838.6, 838.7, 838.4, 838.0, 837.7, 837.6, -180.7, -110.6, 784.4, 0.242, -0.349, -0.013, 1.44, 0.24, 0.00, 0.97, 0.02, 0.00, 0.44, 1.67, 0.00, 0.28, 1.31, 1.13, 0.00, 0.00, 0.25, 0.04, 0.35, 1.0, 1.0, 0.0, 1.0, 0.0, 0.0, 1.0, 1.0, 0.0, 0.0, 1.0, 1.0, 0.0, 0.0, 0.0, 0.0, 1.0, 1.0
94, 0, 3.879, 0.93, 1, 0.439560, 0.243722, -0.864515, 0.256941, 0.341992, -0.903893, 0.375, 0.320, 393.4, 395.3, 400.0, 404.7, 406.7, 405.0, 400.1, 395.4, 383.1, 388.0, 394.0, 400.1, 405.0, 408.2, 410.2, 407.9, 404.1, 399.3, 393.7, 387.9, 397.8, 399.6, 401.5, 402.2, 401.4, 399.6, 397.7, 397.0, 465.1, 466.9, 471.0, 475.1, 476.7, 475.0, 470.8, 466.3, 460.4, 463.2, 467.0, 472.0, 476.7, 479.8, 481.5, 479.5, 476.3, 472.5, 468.0, 463.5, 469.1, 470.7, 472.3, 473.0, 472.3, 470.7, 469.1, 468.4, 189.6, 184.2, 182.0, 184.2, 189.5, 195.3, 197.1, 194.9, 190.7, 189.0, 187.9, 187.6, 188.9, 191.0, 193.4, 195.1, 195.4, 195.4, 194.8, 193.4, 191.7, 192.6, 191.7, 189.6, 187.5, 186.6, 187.5, 189.6, 187.2, 182.8, 181.0, 182.9, 187.3, 191.7, 193.5, 191.9, 189.0, 186.6, 185.1, 184.5, 185.4, 186.8, 189.2, 191.5, 192.6, 193.0, 192.5, 191.3, 189.0, 189.7, 189.0, 187.3, 185.6, 184.8, 185.5, 187.2, -193.1, -191.9, -188.7, -185.4, -184.0, -185.2, -188.5, -191.7, -201.8, -197.5, -192.6, -188.0, -184.8, -183.1, -182.3, -183.4, -185.5, -188.7, -192.9, -197.6, -190.4, -189.1, -187.8, -187.3, -187.9, -189.2, -190.4, -190.9, -166.6, -165.0, -161.2, -157.5, -156.1, -157.7, -161.5, -165.6, -171.4, -168.4, -164.6, -159.9, -155.9, -153.5, -152.5, -154.0, -156.5, -159.7, -163.8, -168.2, -163.2, -161.8, -160.3, -159.7, -160.2, -161.7, -163.1, -163.8, -133.5, -137.8, -139.9, -138.5, -134.4, -129.8, -128.0, -129.4, -133.0, -134.0, -134.8, -135.1, -134.6, -133.5, -132.1, -130.3, -129.4, -129.0, -129.3, -130.6, -132.2, -131.7, -132.5, -134.2, -135.9, -136.4, -135.6, -133.8, -164.6, -168.8, -170.7, -169.2, -165.1, -160.8, -158.9, -160.3, -163.1, -165.1, -166.4, -167.0, -166.7, -166.0, -164.4, -161.7, -160.0, -159.2, -159.6, -160.8, -163.3, -162.7, -163.5, -165.1, -166.7, -167.3, -166.6, -164.9, 685.2, 686.1, 687.9, 689.5, 690.1, 689.6, 687.5, 685.8, 687.4, 685.8, 685.0, 685.7, 688.1, 691.2, 694.0, 691.3, 688.1, 686.0, 685.0, 685.7, 687.7, 688.3, 689.0, 689.4, 689.1, 688.5, 687.8, 687.4, 833.6, 833.9, 834.8, 835.8, 836.5, 836.2, 835.3, 834.4, 834.6, 833.3, 832.3, 832.8, 835.3, 838.6, 842.2, 839.3, 836.4, 834.3, 833.3, 833.9, 835.5, 835.9, 836.3, 836.4, 836.1, 835.7, 835.4, 835.3, -179.6, -110.1, 780.4, 0.244, -0.352, -0.017, 1.54, 0.46, 0.00, 1.21, 0.00, 0.00, 0.41, 1.45, 0.00, 0.10, 1.22, 1.27, 0.00, 0.00, 0.18, 0.07, 0.26, 1.0, 1.0, 0.0, 1.0, 0.0, 0.0, 1.0, 1.0, 0.0, 0.0, 1.0, 1.0, 0.0, 0.0, 0.0, 0.0, 1.0, 1.0
95, 0, 3.921, 0.93, 1, 0.391333, 0.235056, -0.889723, 0.271903, 0.342141, -0.899449, 0.355, 0.312, 394.1, 395.8, 400.2, 404.7, 406.8, 405.4, 400.7, 396.2, 386.9, 390.6, 395.4, 400.8, 405.5, 408.7, 410.7, 408.4, 404.8, 400.4, 395.5, 390.7, 398.5, 400.3, 402.1, 402.7, 401.9, 400.1, 398.3, 397.7, 465.5, 467.4, 471.6, 475.7, 477.3, 475.5, 471.2, 466.8, 460.6, 463.5, 467.4, 472.4, 477.0, 480.2, 482.0, 479.9, 476.7, 472.9, 468.3, 463.8, 469.6, 471.2, 472.8, 473.5, 472.9, 471.3, 469.7, 468.9, 189.4, 184.6, 182.6, 184.6, 189.3, 194.5, 196.1, 194.2, 192.1, 190.0, 188.5, 187.8, 188.7, 190.6, 193.2, 194.6, 195.1, 195.3, 195.0, 194.0, 191.4, 192.2, 191.4, 189.5, 187.6, 186.8, 187.6, 189.5, 186.9, 182.4, 180.7, 182.6, 187.1, 191.5, 193.3, 191.7, 188.4, 186.2, 184.8, 184.3, 185.1, 186.4, 188.7, 191.0, 192.2, 192.6, 192.0, 190.8, 188.7, 189.4, 188.7, 187.0, 185.3, 184.5, 185.2, 186.9, -218.4, -217.2, -213.7, -209.9, -208.1, -209.1, -212.8, -216.6, -225.4, -221.7, -217.1, -212.4, -208.8, -206.6, -205.4, -206.8, -209.3, -212.7, -217.0, -221.6, -215.0, -213.5, -212.1, -211.6, -212.3, -213.9, -215.3, -215.8, -165.5, -163.8, -160.0, -156.3, -154.9, -156.6, -160.5, -164.5, -170.4, -167.4, -163.5, -158.8, -154.9, -152.5, -151.4, -152.9, -155.4, -158.7, -162.8, -167.3, -162.1, -160.7, -159.2, -158.5, -159.0, -160.5, -162.0, -162.6, -151.6, -156.0, -158.1, -156.5, -152.3, -147.5, -145.7, -147.3, -149.5, -151.1, -152.2, -152.9, -152.5, -151.3, -149.4, -147.7, -146.7, -146.2, -146.4, -147.5, -150.1, -149.5, -150.3, -152.1, -153.8, -154.4, -153.6, -151.8, -164.3, -168.5, -170.4, -168.8, -164.6, -160.4, -158.5, -159.9, -163.0, -164.8, -166.0, -166.5, -166.2, -165.6, -164.2, -161.4, -159.7, -158.9, -159.3, -160.6, -162.9, -162.3, -163.0, -164.7, -166.3, -166.9, -166.2, -164.5, 777.3, 778.3, 779.7, 780.7, 780.7, 779.9, 778.2, 777.2, 779.3, 777.7, 776.6, 777.0, 779.0, 781.5, 783.9, 781.5, 778.7, 777.0, 776.7, 777.7, 779.0, 779.4, 780.0, 780.4, 780.4, 780.0, 779.5, 779.1, 830.2, 830.4, 831.3, 832.5, 833.1, 832.9, 832.0, 831.1, 831.2, 829.8, 828.9, 829.3, 831.8, 835.0, 838.6, 835.8, 832.9, 830.8, 829.9, 830.5, 832.1, 832.6, 832.9, 833.0, 832.7, 832.3, 831.9, 831.9, -180.3, -111.0, 785.9, 0.244, -0.356, -0.019, 1.27, 0.42, 0.00, 1.24, 0.00, 0.00, 0.33, 1.36, 0.00, 0.22, 1.57, 1.02, 0.00, 0.00, 0.00, 0.21, 0.32, 1.0, 1.0, 0.0, 0.0, 0.0, 0.0, 1.0, 0.0, 0.0, 0.0, 1.0, 1.0, 0.0, 0.0, 0.0, 0.0, 1.0, 1.0
96, 0, 3.962, 0.93, 1, 0.431617, 0.258609, -0.864192, 0.277239, 0.336220, -0.900053, 0.382, 0.325, 394.2, 396.3, 401.1, 405.8, 407.7, 405.8, 400.8, 396.1, 384.6, 389.1, 394.9, 401.0, 406.0, 409.3, 411.4, 408.8, 405.0, 400.1, 394.5, 389.0, 398.7, 400.6, 402.5, 403.3, 402.5, 400.7, 398.8, 397.9, 466.2, 468.0, 472.2, 476.2, 477.7, 475.9, 471.7, 467.3, 461.1, 464.0, 467.9, 472.9, 477.5, 480.6, 482.3, 480.2, 477.0, 473.2, 468.7, 464.1, 470.1, 471.7, 473.3, 474.0, 473.4, 471.8, 470.2, 469.5, 188.9, 183.6, 181.3, 183.3, 188.4, 194.0, 196.0, 194.0, 189.4, 187.9, 186.9, 186.6, 187.6, 189.4, 191.8, 193.5, 194.1, 194.3, 193.7, 192.1, 190.7, 191.5, 190.5, 188.4, 186.4, 185.6, 186.6, 188.7, 185.9, 181.6, 179.8, 181.7, 186.1, 190.5, 192.2, 190.6, 187.4, 185.2, 183.8, 183.2, 184.2, 185.6, 187.9, 190.3, 191.5, 191.9, 191.2, 189.9, 187.7, 188.4, 187.7, 186.0, 184.3, 183.6, 184.3, 185.9, -197.3, -195.6, -192.1, -188.7, -187.6, -189.2, -192.8, -196.2, -205.8, -201.6, -196.6, -191.8, -188.5, -186.6, -185.7, -187.1, -189.5, -193.0, -197.2, -201.9, -194.4, -193.1, -191.7, -191.0, -191.5, -192.8, -194.2, -194.9, -165.5, -163.7, -159.9, -156.3, -155.0, -156.8, -160.6, -164.6, -170.6, -167.5, -163.6, -158.9, -155.0, -152.6, -151.7, -153.2, -155.7, -159.0, -163.1, -167.5, -162.1, -160.7, -159.3, -158.6, -159.1, -160.5, -161.9, -162.6, -137.4, -141.6, -143.7, -142.5, -138.6, -134.1, -132.2, -133.5, -137.5, -138.3, -138.9, -139.2, -138.8, -138.0, -136.6, -134.8, -133.8, -133.3, -133.6, -135.0, -136.4, -135.9, -136.8, -138.4, -140.0, -140.5, -139.6, -137.9, -165.7, -169.9, -171.7, -170.2, -166.1, -162.0, -160.1, -161.4, -164.5, -166.3, -167.5, -168.1, -167.7, -167.0, -165.5, -162.7, -160.9, -160.2, -160.6, -162.0, -164.5, -163.9, -164.6, -166.2, -167.8, -168.4, -167.6, -166.0, 702.5, 702.4, 703.6, 705.3, 706.5, 706.9, 705.3, 703.7, 705.2, 703.2, 701.9, 702.3, 704.6, 707.7, 710.7, 708.3, 705.5, 703.7, 703.0, 703.7, 704.9, 705.6, 706.0, 706.0, 705.5, 704.9, 704.4, 704.4, 832.9, 833.0, 834.0, 835.1, 835.9, 835.8, 834.9, 833.9, 834.1, 832.6, 831.6, 832.1, 834.6, 838.0, 841.7, 838.8, 836.0, 833.9, 832.9, 833.4, 834.9, 835.4, 835.7, 835.8, 835.5, 835.0, 834.6, 834.6, -178.1, -110.7, 778.8, 0.227, -0.355, -0.028, 1.21, 0.22, 0.00, 1.02, 0.00, 0.00, 0.22, 1.63, 0.00, 0.17, 1.47, 1.56, 0.00, 0.00, 0.00, 0.26, 0.27, 1.0, 1.0, 0.0, 1.0, 0.0, 0.0, 1.0, 1.0, 0.0, 0.0, 1.0, 1.0, 0.0, 0.0, 0.0, 0.0, 1.0, 1.0
97, 0, 4.004, 0.93, 1, 0.435348, 0.258813, -0.862257, 0.281302, 0.333848, -0.899675, 0.386, 0.324, 394.7, 396.9, 401.7, 406.4, 408.2, 406.2, 401.1, 396.5, 385.1, 389.6, 395.4, 401.5, 406.5, 409.8, 411.8, 409.2, 405.3, 400.4, 394.9, 389.4, 399.1, 401.0, 402.9, 403.7, 403.0, 401.2, 399.3, 398.4, 466.7, 468.6, 472.8, 476.8, 478.4, 476.5, 472.3, 467.9, 461.6, 464.5, 468.5, 473.6, 478.2, 481.2, 482.8, 480.8, 477.6, 473.9, 469.3, 464.7, 470.6, 472.2, 473.8, 474.6, 474.0, 472.4, 470.8, 470.0, 187.9, 182.7, 180.4, 182.4, 187.5, 193.1, 195.0, 193.0, 188.2, 186.7, 185.8, 185.5, 186.6, 188.5, 191.0, 192.6, 193.3, 193.4, 192.8, 191.1, 189.7, 190.5, 189.6, 187.5, 185.5, 184.7, 185.6, 187.7, 184.9, 180.5, 178.7, 180.6, 185.1, 189.6, 191.3, 189.7, 186.4, 184.1, 182.6, 182.1, 183.1, 184.5, 186.9, 189.3, 190.5, 190.9, 190.2, 188.9, 186.7, 187.4, 186.7, 185.0, 183.3, 182.5, 183.2, 185.0, -197.0, -195.2, -191.6, -188.3, -187.2, -188.9, -192.6, -195.9, -205.5, -201.3, -196.2, -191.4, -188.0, -186.2, -185.4, -186.9, -189.3, -192.8, -197.0, -201.6, -194.1, -192.8, -191.4, -190.7, -191.1, -192.4, -193.8, -194.5, -162.9, -161.2, -157.4, -153.9, -152.6, -154.3, -158.1, -162.0, -167.9, -164.9, -161.0, -156.3, -152.5, -150.3, -149.4, -150.8, -153.2, -156.4, -160.4, -164.8, -159.6, -158.3, -156.8, -156.1, -156.6, -158.0, -159.5, -160.1, -138.2, -142.4, -144.4, -143.2, -139.3, -134.9, -133.0, -134.3, -138.5, -139.3, -139.8, -140.0, -139.6, -138.7, -137.3, -135.5, -134.5, -134.0, -134.4, -135.9, -137.2, -136.7, -137.6, -139.2, -140.7, -141.2, -140.4, -138.8, -164.6, -168.8, -170.7, -169.2, -165.1, -160.9, -159.0, -160.3, -163.4, -165.3, -166.5, -167.1, -166.7, -166.1, -164.5, -161.7, -160.0, -159.2, -159.6, -160.9, -163.3, -162.7, -163.5, -165.1, -166.7, -167.3, -166.6, -164.9, 702.7, 702.6, 703.7, 705.4, 706.6, 707.1, 705.6, 703.9, 705.5, 703.4, 702.0, 702.3, 704.7, 707.8, 710.8, 708.5, 705.8, 703.9, 703.2, 704.0, 705.1, 705.8, 706.2, 706.2, 705.7, 705.0, 704.6, 704.6, 822.6, 822.8, 823.9, 825.2, 826.0, 825.8, 824.7, 823.6, 823.6, 822.2, 821.4, 822.0, 824.7, 828.0, 831.8, 828.9, 825.9, 823.7, 822.5, 822.9, 824.7, 825.3, 825.7, 825.8, 825.4, 824.9, 824.5, 824.4, -177.2, -111.2, 777.0, 0.220, -0.358, -0.032, 1.10, 0.38, 0.00, 1.52, 0.00, 0.00, 0.11, 1.77, 0.00, 0.00, 1.65, 1.50, 0.00, 0.00, 0.00, 0.23, 0.35, 1.0, 1.0, 0.0, 1.0, 0.0, 0.0, 0.0, 1.0, 0.0, 0.0, 1.0, 1.0, 0.0, 0.0, 0.0, 0.0, 1.0, 1.0
98, 0, 4.046, 0.93, 1, 0.438943, 0.247457, -0.863767, 0.291163, 0.341293, -0.893724, 0.394, 0.323, 395.5, 397.6, 402.5, 407.2, 409.0, 407.1, 402.0, 397.3, 385.8, 390.4, 396.2, 402.3, 407.3, 410.6, 412.5, 410.0, 406.1, 401.2, 395.7, 390.2, 399.9, 401.8, 403.7, 404.5, 403.8, 401.9, 400.0, 399.2, 467.4, 469.4, 473.7, 477.7, 479.2, 477.2, 472.9, 468.5, 462.1, 465.2, 469.2, 474.3, 478.8, 481.9, 483.5, 481.4, 478.2, 474.4, 469.8, 465.2, 471.3, 472.9, 474.6, 475.3, 474.8, 473.2, 471.5, 470.8, 186.9, 181.6, 179.3, 181.4, 186.7, 192.3, 194.3, 192.1, 187.6, 186.0, 185.0, 184.7, 185.9, 187.8, 190.3, 192.0, 192.5, 192.6, 191.9, 190.3, 188.8, 189.7, 188.8, 186.7, 184.6, 183.8, 184.7, 186.8, 184.2, 179.8, 178.0, 180.0, 184.5, 189.0, 190.8, 189.1, 185.5, 183.3, 181.9, 181.5, 182.4, 183.7, 186.0, 188.4, 189.7, 190.1, 189.4, 188.0, 186.0, 186.8, 186.1, 184.4, 182.6, 181.9, 182.6, 184.3, -194.4, -192.8, -189.4, -186.1, -184.9, -186.5, -190.0, -193.3, -202.9, -198.7, -193.7, -189.0, -185.7, -183.9, -183.1, -184.5, -186.8, -190.2, -194.4, -199.0, -191.6, -190.3, -188.9, -188.3, -188.8, -190.1, -191.4, -192.1, -161.8, -159.9, -156.1, -152.6, -151.4, -153.2, -157.1, -161.0, -166.9, -163.8, -159.8, -155.2, -151.4, -149.2, -148.3, -149.8, -152.3, -155.4, -159.5, -163.9, -158.5, -157.2, -155.7, -155.0, -155.4, -156.8, -158.3, -159.0, -137.7, -142.0, -144.1, -142.7, -138.7, -134.2, -132.3, -133.7, -137.6, -138.5, -139.1, -139.4, -139.0, -138.0, -136.6, -134.8, -133.8, -133.4, -133.7, -135.2, -136.6, -136.1, -136.9, -138.6, -140.2, -140.7, -139.9, -138.2, -164.8, -169.0, -170.8, -169.3, -165.2, -161.0, -159.1, -160.5, -163.8, -165.6, -166.7, -167.2, -166.9, -166.3, -164.9, -162.1, -160.3, -159.5, -159.9, -161.3, -163.5, -162.9, -163.6, -165.3, -166.9, -167.5, -166.7, -165.1, 695.9, 696.2, 697.5, 699.2, 700.2, 700.4, 698.6, 696.9, 698.4, 696.5, 695.4, 695.9, 698.3, 701.3, 704.2, 701.8, 698.9, 696.9, 696.2, 696.9, 698.4, 699.0, 699.6, 699.7, 699.3, 698.6, 698.1, 698.0, 820.2, 820.3, 821.4, 822.8, 823.8, 823.7, 822.6, 821.4, 821.2, 819.8, 819.0, 819.6, 822.2, 825.6, 829.4, 826.6, 823.6, 821.4, 820.3, 820.7, 822.5, 823.0, 823.4, 823.5, 823.1, 822.5, 822.1, 822.1, -176.1, -111.2, 774.6, 0.211, -0.357, -0.033, 1.17, 0.37, 0.00, 1.22, 0.00, 0.00, 0.39, 1.46, 0.00, 0.00, 1.17, 1.68, 0.00, 0.00, 0.18, 0.30, 0.35, 1.0, 1.0, 0.0, 1.0, 0.0, 0.0, 1.0, 0.0, 0.0, 0.0, 1.0, 1.0, 0.0, 0.0, 1.0, 0.0, 1.0, 1.0
99, 0, 4.087, 0.88, 1, 0.439372, 0.260636, -0.859664, 0.293801, 0.347731, -0.890373, 0.397, 0.335, 396.2, 398.3, 403.1, 407.7, 409.5, 407.6, 402.6, 397.9, 386.4, 391.0, 396.8, 402.8, 407.8, 411.0, 412.9, 410.4, 406.6, 401.7, 396.2, 390.7, 400.5, 402.4, 404.3, 405.1, 404.4, 402.5, 400.6, 399.8, 467.9, 469.9, 474.1, 478.1, 479.6, 477.6, 473.4, 469.0, 462.6, 465.7, 469.8, 474.8, 479.3, 482.3, 483.8, 481.8, 478.7, 474.9, 470.4, 465.8, 471.8, 473.3, 475.0, 475.7, 475.2, 473.6, 472.0, 471.2, 186.8, 181.5, 179.3, 181.4, 186.6, 192.2, 194.1, 192.0, 187.4, 185.8, 184.9, 184.7, 185.9, 187.9, 190.3, 192.0, 192.5, 192.5, 191.8, 190.2, 188.8, 189.6, 188.7, 186.6, 184.5, 183.7, 184.6, 186.7, 184.1, 179.7, 177.9, 179.8, 184.4, 188.9, 190.7, 189.0, 185.6, 183.3, 181.9, 181.5, 182.4, 183.7, 186.0, 188.4, 189.7, 190.1, 189.4, 188.1, 185.9, 186.7, 186.0, 184.3, 182.5, 181.7, 182.4, 184.2, -195.2, -193.6, -190.1, -186.8, -185.6, -187.2, -190.7, -194.0, -203.7, -199.5, -194.5, -189.8, -186.5, -184.7, -183.9, -185.3, -187.6, -191.0, -195.2, -199.8, -192.3, -191.0, -189.7, -189.0, -189.5, -190.8, -192.2, -192.8, -160.5, -158.7, -155.0, -151.5, -150.3, -152.1, -155.8, -159.7, -165.6, -162.5, -158.5, -153.9, -150.3, -148.1, -147.4, -148.8, -151.1, -154.2, -158.2, -162.6, -157.3, -156.0, -154.5, -153.8, -154.3, -155.6, -157.1, -157.8, -138.6, -142.9, -145.0, -143.6, -139.6, -135.1, -133.3, -134.6, -138.7, -139.5, -140.0, -140.3, -139.8, -138.8, -137.4, -135.6, -134.7, -134.3, -134.7, -136.1, -137.5, -137.0, -137.8, -139.5, -141.1, -141.6, -140.8, -139.1, -164.0, -168.2, -170.1, -168.6, -164.5, -160.3, -158.4, -159.7, -162.9, -164.7, -165.8, -166.4, -166.1, -165.6, -164.2, -161.4, -159.6, -158.7, -159.1, -160.4, -162.8, -162.2, -162.9, -164.6, -166.2, -166.7, -166.0, -164.4, 700.3, 700.6, 702.0, 703.7, 704.7, 704.8, 703.0, 701.3, 702.8, 700.9, 699.8, 700.3, 702.7, 705.7, 708.7, 706.2, 703.3, 701.4, 700.6, 701.3, 702.8, 703.5, 704.0, 704.1, 703.7, 703.0, 702.5, 702.4, 816.0, 816.2, 817.4, 818.9, 819.9, 819.7, 818.5, 817.2, 816.8, 815.5, 814.8, 815.6, 818.4, 821.8, 825.7, 822.7, 819.7, 817.3, 816.1, 816.4, 818.3, 818.9, 819.4, 819.5, 819.1, 818.5, 818.0, 818.0, -174.7, -110.0, 770.2, 0.223, -0.356, -0.028, 1.07, 0.37, 0.18, 1.26, 0.00, 0.00, 0.43, 1.13, 0.00, 0.00, 0.86, 1.17, 0.00, 0.00, 0.62, 0.50, 0.43, 1.0, 1.0, 0.0, 1.0, 0.0, 0.0, 1.0, 0.0, 0.0, 0.0, 1.0, 1.0, 0.0, 0.0, 1.0, 1.0, 1.0, 1.0
100, 0, 4.129, 0.88, 1, 0.436077, 0.276659, -0.856327, 0.292449, 0.362271, -0.885005, 0.396, 0.352, 396.6, 398.5, 403.2, 407.8, 409.7, 408.0, 403.2, 398.6, 386.6, 391.3, 397.2, 403.1, 407.9, 411.1, 413.0, 410.7, 407.0, 402.3, 396.8, 391.2, 400.9, 402.8, 404.6, 405.4, 404.6, 402.7, 400.9, 400.1, 468.4, 470.4, 474.7, 478.7, 480.2, 478.2, 473.9, 469.5, 463.1, 466.1, 470.2, 475.2, 479.8, 482.8, 484.4, 482.3, 479.1, 475.3, 470.7, 466.2, 472.3, 473.9, 475.6, 476.3, 475.8, 474.2, 472.5, 471.8, 187.5, 182.2, 180.0, 182.2, 187.5, 193.2, 195.0, 192.8, 188.4, 186.7, 185.6, 185.3, 186.5, 188.6, 191.0, 192.7, 193.1, 193.1, 192.4, 191.0, 189.7, 190.6, 189.7, 187.6, 185.4, 184.6, 185.4, 187.6, 185.0, 180.5, 178.8, 180.7, 185.3, 189.7, 191.5, 189.8, 186.3, 184.1, 182.7, 182.3, 183.2, 184.6, 186.8, 189.2, 190.5, 190.8, 190.1, 188.8, 186.8, 187.5, 186.8, 185.1, 183.3, 182.6, 183.3, 185.0, -194.0, -192.7, -189.5, -186.3, -184.9, -186.2, -189.5, -192.7, -202.6, -198.4, -193.5, -189.0, -185.8, -184.1, -183.3, -184.4, -186.5, -189.7, -193.9, -198.5, -191.3, -190.0, -188.7, -188.2, -188.8, -190.1, -191.4, -191.9, -161.2, -159.3, -155.5, -152.0, -150.8, -152.6, -156.5, -160.4, -166.4, -163.3, -159.3, -154.6, -150.9, -148.6, -147.8, -149.3, -151.8, -155.0, -159.0, -163.4, -157.9, -156.6, -155.1, -154.4, -154.8, -156.2, -157.7, -158.4, -137.5, -141.9, -144.0, -142.6, -138.5, -133.9, -132.0, -133.4, -137.2, -138.3, -139.0, -139.4, -138.9, -137.8, -136.4, -134.5, -133.6, -133.2, -133.6, -134.8, -136.2, -135.7, -136.5, -138.3, -140.0, -140.5, -139.7, -137.9, -164.4, -168.6, -170.5, -168.9, -164.9, -160.6, -158.8, -160.1, -163.4, -165.2, -166.3, -166.8, -166.5, -165.9, -164.5, -161.7, -159.9, -159.1, -159.6, -161.0, -163.2, -162.6, -163.3, -164.9, -166.5, -167.1, -166.4, -164.8, 697.6, 698.4, 700.3, 702.0, 702.7, 702.2, 700.0, 698.3, 699.6, 698.0, 697.3, 698.1, 700.5, 703.5, 706.4, 703.6, 700.5, 698.3, 697.4, 698.0, 700.1, 700.8, 701.6, 701.9, 701.6, 700.9, 700.2, 699.9, 822.0, 822.0, 823.1, 824.5, 825.5, 825.5, 824.4, 823.1, 823.0, 821.6, 820.7, 821.3, 823.9, 827.3, 831.0, 828.2, 825.3, 823.1, 822.0, 822.4, 824.2, 824.8, 825.2, 825.2, 824.8, 824.2, 823.8, 823.8, -173.6, -108.0, 764.7, 0.254, -0.352, -0.012, 1.17, 0.12, 0.28, 1.08, 0.00, 0.00, 0.36, 1.43, 0.00, 0.28, 0.46, 0.97, 0.00, 0.00, 1.12, 1.37, 0.43, 1.0, 1.0, 0.0, 1.0, 0.0, 0.0, 1.0, 1.0, 0.0, 0.0, 1.0, 1.0, 0.0, 0.0, 1.0, 1.0, 1.0, 1.0
101, 0, 4.171, 0.98, 1, 0.406252, 0.286681, -0.867625, 0.280015, 0.363768, -0.888406, 0.373, 0.355, 397.2, 399.0, 403.4, 407.8, 409.7, 408.1, 403.6, 399.1, 388.1, 392.8, 398.3, 403.9, 408.4, 411.3, 413.1, 411.0, 407.6, 403.3, 398.1, 392.8, 401.2, 403.1, 404.9, 405.6, 404.8, 403.0, 401.1, 400.4, 468.7, 470.7, 474.9, 479.0, 480.5, 478.5, 474.3, 469.8, 463.4, 466.5, 470.7, 475.8, 480.3, 483.2, 484.6, 482.7, 479.7, 475.9, 471.3, 466.6, 472.6, 474.2, 475.8, 476.6, 476.0, 474.4, 472.8, 472.0, 188.9, 183.7, 181.5, 183.5, 188.6, 194.2, 196.1, 194.0, 190.4, 188.8, 187.6, 187.1, 187.8, 189.4, 191.6, 193.4, 194.2, 194.5, 194.1, 192.8, 191.0, 191.9, 190.9, 188.7, 186.6, 185.7, 186.7, 188.9, 185.9, 181.4, 179.5, 181.5, 186.1, 190.7, 192.6, 190.9, 187.3, 185.1, 183.7, 183.3, 184.1, 185.5, 187.7, 190.1, 191.4, 191.8, 191.1, 189.8, 187.7, 188.5, 187.8, 186.0, 184.2, 183.5, 184.2, 186.0, -201.7, -200.5, -197.3, -194.1, -192.7, -193.9, -197.2, -200.4, -209.6, -205.4, -200.7, -196.3, -193.2, -191.6, -190.9, -191.9, -193.9, -196.9, -200.9, -205.4, -199.1, -197.8, -196.4, -195.9, -196.5, -197.8, -199.2, -199.7, -157.6, -155.8, -152.1, -148.7, -147.5, -149.2, -152.9, -156.8, -162.6, -159.4, -155.5, -151.0, -147.4, -145.4, -144.7, -146.0, -148.2, -151.2, -155.2, -159.5, -154.4, -153.1, -151.7, -151.0, -151.5, -152.8, -154.2, -154.9, -142.1, -146.6, -148.9, -147.5, -143.4, -138.7, -136.7, -138.0, -141.1, -142.2, -143.1, -143.7, -143.6, -142.9, -141.7, -139.6, -138.4, -137.7, -137.8, -138.9, -140.9, -140.4, -141.3, -143.2, -144.9, -145.4, -144.5, -142.6, -160.1, -164.4, -166.3, -164.8, -160.8, -156.5, -154.5, -155.8, -159.0, -160.8, -161.9, -162.5, -162.3, -161.8, -160.4, -157.6, -155.9, -155.0, -155.4, -156.6, -158.9, -158.4, -159.1, -160.8, -162.3, -162.9, -162.1, -160.5, 727.0, 727.7, 729.5, 731.4, 732.2, 731.9, 729.7, 727.8, 728.3, 726.9, 726.3, 727.2, 729.8, 733.0, 736.0, 733.2, 730.1, 727.8, 726.8, 727.1, 729.6, 730.4, 731.1, 731.4, 731.1, 730.3, 729.5, 729.2, 804.9, 805.1, 806.5, 808.1, 809.0, 808.8, 807.5, 806.1, 805.5, 804.3, 803.7, 804.6, 807.5, 811.1, 814.9, 811.9, 808.7, 806.3, 804.9, 805.1, 807.3, 807.9, 808.4, 808.5, 808.1, 807.5, 807.0, 806.9, -173.9, -107.4, 767.0, 0.272, -0.351, -0.003, 1.15, 0.26, 0.23, 1.51, 0.17, 0.00, 0.23, 1.22, 0.00, 0.17, 0.48, 0.85, 0.00, 0.00, 1.33, 0.95, 0.60, 1.0, 1.0, 0.0, 1.0, 0.0, 0.0, 1.0, 1.0, 0.0, 0.0, 1.0, 1.0, 0.0, 0.0, 1.0, 1.0, 1.0, 1.0
102, 0, 4.213, 0.98, 1, 0.435906, 0.285667, -0.853452, 0.262701, 0.354767, -0.897289, 0.380, 0.351, 397.1, 399.0, 403.7, 408.4, 410.3, 408.5, 403.6, 399.0, 386.7, 391.6, 397.5, 403.5, 408.4, 411.6, 413.5, 411.2, 407.5, 402.7, 397.1, 391.4, 401.3, 403.2, 405.1, 405.9, 405.1, 403.2, 401.4, 400.6, 468.8, 470.7, 475.0, 479.0, 480.6, 478.7, 474.4, 469.9, 463.7, 466.8, 470.9, 476.0, 480.4, 483.4, 485.0, 483.0, 479.9, 476.2, 471.6, 466.9, 472.7, 474.3, 475.9, 476.7, 476.1, 474.5, 472.9, 472.2, 189.2, 183.8, 181.5, 183.7, 189.1, 194.8, 196.7, 194.5, 189.9, 188.2, 187.1, 186.8, 188.0, 190.0, 192.4, 194.2, 194.6, 194.6, 194.0, 192.5, 191.3, 192.2, 191.3, 189.1, 187.0, 186.1, 187.0, 189.2, 186.3, 181.7, 180.0, 182.0, 186.6, 191.1, 192.9, 191.2, 187.7, 185.5, 184.1, 183.7, 184.7, 186.1, 188.4, 190.7, 191.9, 192.2, 191.5, 190.2, 188.1, 188.9, 188.2, 186.5, 184.7, 183.9, 184.6, 186.4, -191.3, -189.9, -186.7, -183.5, -182.2, -183.6, -186.8, -190.0, -200.0, -195.7, -190.8, -186.3, -183.2, -181.4, -180.6, -181.7, -183.8, -187.1, -191.2, -195.8, -188.6, -187.3, -186.1, -185.5, -186.0, -187.3, -188.6, -189.1, -159.0, -157.3, -153.5, -150.0, -148.7, -150.4, -154.1, -158.1, -163.8, -160.7, -156.8, -152.2, -148.6, -146.4, -145.6, -146.9, -149.2, -152.3, -156.3, -160.7, -155.7, -154.4, -152.9, -152.3, -152.8, -154.1, -155.6, -156.2, -134.5, -138.9, -141.0, -139.7, -135.6, -131.0, -129.1, -130.4, -134.3, -135.4, -136.1, -136.5, -136.0, -135.0, -133.7, -131.8, -130.8, -130.4, -130.7, -132.0, -133.3, -132.8, -133.6, -135.4, -137.0, -137.6, -136.7, -134.9, -161.3, -165.6, -167.5, -165.9, -161.7, -157.4, -155.6, -156.9, -160.1, -161.9, -163.1, -163.6, -163.3, -162.7, -161.2, -158.4, -156.7, -156.0, -156.4, -157.7, -160.0, -159.4, -160.1, -161.8, -163.4, -164.0, -163.2, -161.6, 689.0, 689.7, 691.5, 693.3, 694.1, 693.8, 691.6, 689.8, 690.9, 689.4, 688.7, 689.4, 691.9, 695.0, 697.8, 695.1, 692.0, 689.8, 688.8, 689.4, 691.5, 692.3, 693.0, 693.3, 693.0, 692.2, 691.5, 691.2, 812.4, 812.8, 814.0, 815.4, 816.1, 815.8, 814.5, 813.3, 813.0, 811.9, 811.3, 812.1, 814.8, 818.2, 821.9, 818.9, 815.8, 813.4, 812.1, 812.5, 814.6, 815.1, 815.6, 815.7, 815.5, 814.9, 814.4, 814.3, -173.2, -107.0, 764.9, 0.258, -0.344, -0.007, 1.27, 0.35, 0.03, 1.58, 0.13, 0.00, 0.22, 1.33, 0.00, 0.08, 0.46, 1.11, 0.00, 0.00, 1.01, 0.90, 0.52, 1.0, 1.0, 0.0, 1.0, 0.0, 0.0, 1.0, 1.0, 0.0, 0.0, 1.0, 1.0, 0.0, 0.0, 1.0, 1.0, 1.0, 1.0
103, 0, 4.254, 0.93, 1, 0.424035, 0.257194, -0.868358, 0.255520, 0.332464, -0.907842, 0.365, 0.321, 397.2, 399.2, 403.9, 408.6, 410.5, 408.7, 403.8, 399.2, 387.3, 392.0, 397.9, 403.8, 408.7, 411.9, 413.8, 411.5, 407.8, 403.0, 397.5, 391.9, 401.5, 403.4, 405.3, 406.1, 405.3, 403.4, 401.5, 400.8, 468.9, 470.8, 475.1, 479.3, 480.8, 478.9, 474.6, 470.1, 464.0, 467.1, 471.2, 476.3, 480.8, 483.7, 485.3, 483.4, 480.3, 476.6, 472.0, 467.3, 472.9, 474.5, 476.2, 476.9, 476.3, 474.7, 473.0, 472.3, 189.0, 183.7, 181.4, 183.6, 188.8, 194.5, 196.4, 194.3, 189.7, 188.1, 187.1, 186.8, 188.0, 189.9, 192.3, 194.0, 194.5, 194.6, 193.9, 192.4, 191.1, 192.0, 191.1, 188.9, 186.8, 185.9, 186.8, 189.0, 186.4, 181.8, 180.0, 182.1, 186.7, 191.3, 193.1, 191.4, 188.1, 185.8, 184.4, 183.9, 184.8, 186.2, 188.6, 190.9, 192.0, 192.4, 191.7, 190.5, 188.3, 189.1, 188.4, 186.6, 184.8, 184.0, 184.7, 186.5, -193.6, -192.2, -188.9, -185.7, -184.3, -185.7, -189.1, -192.3, -202.2, -197.9, -193.0, -188.5, -185.3, -183.5, -182.6, -183.8, -186.0, -189.3, -193.5, -198.1, -190.9, -189.6, -188.2, -187.7, -188.2, -189.5, -190.9, -191.4, -157.6, -156.0, -152.3, -148.7, -147.3, -149.0, -152.7, -156.7, -162.3, -159.2, -155.3, -150.8, -147.2, -145.0, -144.2, -145.5, -147.7, -150.8, -154.8, -159.1, -154.4, -153.0, -151.6, -150.9, -151.4, -152.8, -154.2, -154.9, -136.4, -140.7, -142.9, -141.5, -137.5, -132.8, -130.9, -132.3, -136.3, -137.2, -137.9, -138.2, -137.7, -136.8, -135.4, -133.5, -132.6, -132.1, -132.5, -133.8, -135.2, -134.6, -135.5, -137.3, -138.9, -139.5, -138.6, -136.8, -160.0, -164.3, -166.2, -164.6, -160.4, -156.1, -154.2, -155.5, -158.5, -160.4, -161.6, -162.2, -161.9, -161.3, -159.8, -157.1, -155.4, -154.6, -155.0, -156.2, -158.6, -158.0, -158.7, -160.4, -162.0, -162.6, -161.9, -160.2, 697.9, 698.5, 700.2, 701.9, 702.7, 702.5, 700.5, 698.7, 700.1, 698.4, 697.6, 698.3, 700.7, 703.7, 706.5, 703.9, 700.9, 698.8, 697.9, 698.5, 700.4, 701.1, 701.8, 702.0, 701.7, 701.0, 700.3, 700.1, 806.2, 806.7, 807.9, 809.3, 809.9, 809.5, 808.2, 807.0, 806.8, 805.7, 805.1, 805.9, 808.7, 812.1, 815.7, 812.7, 809.5, 807.1, 805.9, 806.2, 808.4, 808.9, 809.4, 809.5, 809.3, 808.8, 808.3, 808.1, -174.5, -109.0, 772.4, 0.210, -0.337, -0.025, 1.25, 0.47, 0.00, 1.23, 0.12, 0.00, 0.40, 1.53, 0.00, 0.76, 0.59, 1.24, 0.00, 0.00, 0.29, 0.73, 0.52, 1.0, 1.0, 0.0, 1.0, 0.0, 0.0, 0.0, 0.0, 0.0, 1.0, 1.0, 1.0, 0.0, 0.0, 0.0, 1.0, 1.0, 1.0
104, 0, 4.296, 0.93, 1, 0.419996, 0.264385, -0.868161, 0.248710, 0.336755, -0.908152, 0.360, 0.326, 397.5, 399.6, 404.3, 409.1, 411.0, 409.1, 404.1, 399.4, 387.9, 392.4, 398.2, 404.2, 409.1, 412.4, 414.3, 411.8, 408.0, 403.2, 397.7, 392.2, 401.9, 403.8, 405.7, 406.6, 405.8, 403.9, 402.0, 401.2, 469.3, 471.3, 475.7, 479.9, 481.4, 479.4, 475.0, 470.4, 464.3, 467.4, 471.6, 476.7, 481.2, 484.2, 485.9, 483.9, 480.7, 476.9, 472.2, 467.6, 473.3, 475.0, 476.6, 477.4, 476.8, 475.2, 473.5, 472.7, 189.3, 184.0, 181.6, 183.6, 188.8, 194.4, 196.5, 194.5, 189.6, 188.0, 187.1, 186.9, 188.0, 189.9, 192.3, 193.9, 194.4, 194.5, 193.8, 192.2, 191.2, 192.0, 191.0, 188.9, 186.8, 186.0, 187.0, 189.1, 186.5, 181.9, 180.1, 182.2, 186.9, 191.5, 193.3, 191.5, 188.0, 185.8, 184.4, 184.0, 184.9, 186.3, 188.6, 190.8, 192.0, 192.3, 191.7, 190.4, 188.4, 189.2, 188.5, 186.8, 184.9, 184.1, 184.8, 186.6, -195.1, -193.5, -190.0, -186.7, -185.5, -187.0, -190.6, -193.9, -203.6, -199.4, -194.4, -189.8, -186.4, -184.6, -183.7, -185.1, -187.5, -190.8, -195.1, -199.7, -192.3, -190.9, -189.5, -188.9, -189.4, -190.7, -192.1, -192.8, -157.0, -155.2, -151.4, -147.8, -146.5, -148.3, -152.1, -156.1, -161.7, -158.6, -154.7, -150.1, -146.4, -144.2, -143.3, -144.7, -147.0, -150.2, -154.2, -158.6, -153.7, -152.3, -150.8, -150.1, -150.6, -152.0, -153.5, -154.2, -137.3, -141.7, -143.8, -142.6, -138.6, -134.1, -132.1, -133.4, -137.6, -138.5, -139.0, -139.3, -138.9, -138.0, -136.6, -134.8, -133.8, -133.4, -133.8, -135.2, -136.3, -135.8, -136.7, -138.5, -140.1, -140.6, -139.7, -137.9, -159.6, -163.9, -165.8, -164.1, -159.9, -155.6, -153.7, -155.1, -158.3, -160.1, -161.3, -161.8, -161.5, -160.9, -159.4, -156.8, -155.1, -154.3, -154.7, -155.9, -158.2, -157.6, -158.3, -160.0, -161.6, -162.2, -161.5, -159.8, 704.1, 704.3, 705.6, 707.4, 708.5, 708.7, 707.0, 705.2, 706.6, 704.7, 703.6, 704.1, 706.5, 709.5, 712.4, 710.0, 707.1, 705.2, 704.4, 705.1, 706.6, 707.3, 707.9, 707.9, 707.5, 706.8, 706.2, 706.2, 804.6, 805.0, 806.2, 807.5, 808.2, 807.8, 806.6, 805.5, 805.3, 804.1, 803.5, 804.2, 806.8, 810.2, 813.8, 810.9, 807.8, 805.5, 804.3, 804.7, 806.8, 807.3, 807.7, 807.9, 807.6, 807.1, 806.6, 806.5, -176.0, -111.0, 781.0, 0.214, -0.324, -0.028, 1.39, 0.45, 0.00, 0.57, 0.02, 0.00, 0.28, 1.25, 0.00, 1.24, 0.98, 1.34, 0.00, 0.00, 0.00, 0.11, 0.33, 1.0, 1.0, 0.0, 0.0, 0.0, 0.0, 0.0, 0.0, 0.0, 1.0, 1.0, 1.0, 0.0, 0.0, 0.0, 1.0, 1.0, 1.0
105, 0, 4.338, 0.98, 1, 0.398631, 0.241490, -0.884746, 0.250644, 0.325933, -0.911562, 0.347, 0.306, 398.0, 399.8, 404.2, 408.8, 410.7, 409.1, 404.5, 400.0, 389.1, 393.6, 399.1, 404.7, 409.3, 412.3, 414.1, 411.9, 408.5, 404.1, 398.9, 393.6, 402.1, 404.0, 405.9, 406.6, 405.8, 403.9, 402.1, 401.3, 469.7, 471.6, 475.8, 479.9, 481.5, 479.6, 475.4, 470.9, 464.7, 467.7, 471.7, 476.7, 481.3, 484.5, 486.2, 484.1, 480.9, 477.1, 472.5, 467.9, 473.7, 475.3, 476.9, 477.7, 477.0, 475.5, 473.8, 473.1, 189.1, 184.0, 181.7, 183.6, 188.7, 194.2, 196.2, 194.2, 190.6, 189.0, 187.8, 187.3, 188.0, 189.7, 191.9, 193.7, 194.5, 194.8, 194.3, 193.0, 191.1, 191.9, 191.0, 188.8, 186.7, 185.9, 186.9, 189.0, 186.1, 181.6, 179.8, 181.8, 186.3, 190.8, 192.6, 190.9, 187.7, 185.5, 184.0, 183.5, 184.4, 185.7, 188.0, 190.4, 191.6, 191.9, 191.3, 190.1, 187.9, 188.6, 187.9, 186.2, 184.5, 183.7, 184.4, 186.1, -201.9, -200.6, -197.3, -194.0, -192.6, -193.9, -197.2, -200.5, -209.8, -205.5, -200.8, -196.3, -193.1, -191.5, -190.7, -191.9, -193.9, -197.1, -201.1, -205.6, -199.1, -197.8, -196.4, -195.9, -196.5, -197.8, -199.2, -199.7, -159.8, -158.1, -154.3, -150.7, -149.3, -151.0, -154.8, -158.9, -164.7, -161.7, -157.7, -153.1, -149.2, -146.9, -145.9, -147.4, -149.9, -153.1, -157.2, -161.6, -156.4, -155.0, -153.6, -152.9, -153.4, -154.8, -156.3, -157.0, -142.5, -147.0, -149.3, -148.0, -143.9, -139.2, -137.2, -138.5, -141.6, -142.7, -143.5, -144.1, -144.0, -143.2, -141.9, -139.9, -138.7, -138.0, -138.2, -139.4, -141.4, -140.9, -141.8, -143.6, -145.3, -145.9, -144.9, -143.1, -163.2, -167.4, -169.3, -167.8, -163.7, -159.4, -157.5, -158.9, -161.9, -163.7, -164.9, -165.5, -165.2, -164.6, -163.1, -160.4, -158.7, -157.9, -158.3, -159.5, -161.9, -161.3, -162.1, -163.7, -165.3, -165.9, -165.1, -163.5, 730.0, 730.6, 732.3, 734.1, 734.9, 734.7, 732.7, 730.9, 731.6, 730.0, 729.3, 730.1, 732.6, 735.7, 738.7, 736.1, 733.0, 730.9, 730.0, 730.4, 732.5, 733.3, 734.0, 734.2, 733.9, 733.1, 732.4, 732.2, 821.2, 821.4, 822.4, 823.6, 824.4, 824.2, 823.2, 822.2, 822.2, 820.8, 820.0, 820.5, 823.1, 826.4, 830.1, 827.2, 824.2, 822.0, 821.0, 821.5, 823.3, 823.7, 824.1, 824.2, 823.9, 823.4, 823.0, 823.0, -177.6, -113.0, 790.2, 0.216, -0.322, -0.033, 1.63, 0.49, 0.00, 0.73, 0.08, 0.00, 0.21, 1.47, 0.00, 1.34, 1.35, 1.16, 0.00, 0.00, 0.00, 0.00, 0.38, 1.0, 1.0, 0.0, 0.0, 0.0, 0.0, 0.0, 1.0, 0.0, 1.0, 1.0, 1.0, 0.0, 0.0, 0.0, 0.0, 1.0, 1.0
106, 0, 4.379, 0.98, 1, 0.430458, 0.263727, -0.863223, 0.240923, 0.330465, -0.912551, 0.361, 0.323, 397.8, 399.8, 404.5, 409.1, 411.0, 409.2, 404.3, 399.7, 387.3, 392.2, 398.3, 404.4, 409.2, 412.3, 414.2, 411.9, 408.2, 403.4, 397.9, 392.1, 402.0, 403.9, 405.8, 406.6, 405.9, 404.0, 402.0, 401.2, 469.6, 471.5, 475.7, 479.9, 481.5, 479.7, 475.4, 470.8, 464.6, 467.6, 471.6, 476.7, 481.3, 484.5, 486.3, 484.2, 480.9, 477.0, 472.4, 467.8, 473.7, 475.3, 476.9, 477.6, 477.0, 475.4, 473.8, 473.0, 189.0, 183.6, 181.2, 183.3, 188.7, 194.5, 196.5, 194.4, 189.5, 187.7, 186.6, 186.3, 187.5, 189.6, 192.2, 193.8, 194.2, 194.2, 193.6, 192.1, 191.1, 192.0, 191.0, 188.8, 186.6, 185.7, 186.7, 188.9, 185.8, 181.3, 179.5, 181.5, 186.0, 190.5, 192.3, 190.7, 187.6, 185.3, 183.7, 183.2, 184.1, 185.4, 187.8, 190.0, 191.2, 191.6, 191.1, 189.9, 187.6, 188.4, 187.7, 185.9, 184.2, 183.4, 184.1, 185.9, -189.2, -187.8, -184.6, -181.4, -180.2, -181.6, -184.8, -188.0, -197.9, -193.6, -188.7, -184.1, -181.0, -179.4, -178.7, -179.8, -181.9, -185.0, -189.1, -193.7, -186.6, -185.3, -184.0, -183.4, -183.9, -185.2, -186.5, -187.1, -159.2, -157.4, -153.6, -149.9, -148.5, -150.3, -154.1, -158.2, -164.0, -161.0, -157.1, -152.4, -148.5, -146.1, -145.0, -146.5, -149.1, -152.3, -156.5, -160.9, -155.7, -154.3, -152.8, -152.2, -152.7, -154.1, -155.6, -156.3, -133.5, -137.9, -140.1, -138.8, -134.8, -130.2, -128.2, -129.5, -133.5, -134.6, -135.3, -135.8, -135.3, -134.3, -132.8, -131.0, -130.1, -129.7, -129.9, -131.2, -132.4, -131.9, -132.8, -134.6, -136.2, -136.7, -135.8, -134.0, -162.6, -166.9, -168.8, -167.2, -163.1, -158.8, -156.9, -158.3, -161.2, -163.1, -164.4, -165.0, -164.7, -164.0, -162.5, -159.8, -158.1, -157.4, -157.7, -158.9, -161.4, -160.8, -161.5, -163.1, -164.7, -165.3, -164.6, -162.9, 683.4, 683.9, 685.7, 687.6, 688.6, 688.4, 686.3, 684.3, 685.3, 683.7, 683.0, 683.7, 686.3, 689.4, 692.4, 689.7, 686.6, 684.4, 683.3, 683.8, 686.0, 686.8, 687.5, 687.8, 687.4, 686.6, 685.9, 685.6, 817.2, 817.4, 818.3, 819.4, 820.1, 819.9, 819.0, 818.1, 818.2, 816.8, 815.9, 816.4, 818.9, 822.1, 825.8, 822.9, 820.0, 817.9, 816.9, 817.5, 819.1, 819.6, 819.9, 820.0, 819.7, 819.3, 818.9, 818.9, -176.7, -112.7, 785.8, 0.220, -0.317, -0.033, 1.92, 0.57, 0.00, 1.05, 0.00, 0.00, 0.29, 1.12, 0.01, 1.31, 1.39, 1.24, 0.00, 0.00, 0.00, 0.00, 0.16, 1.0, 1.0, 0.0, 0.0, 0.0, 0.0, 1.0, 1.0, 0.0, 1.0, 1.0, 1.0, 0.0, 0.0, 0.0, 0.0, 1.0, 1.0
107, 0, 4.421, 0.98, 1, 0.429126, 0.273005, -0.860999, 0.249162, 0.328502, -0.911046, 0.366, 0.327, 397.7, 399.8, 404.4, 409.0, 410.8, 409.0, 404.2, 399.6, 387.4, 392.4, 398.3, 404.2, 409.0, 412.0, 413.8, 411.6, 408.0, 403.3, 397.8, 392.1, 401.9, 403.7, 405.7, 406.5, 405.7, 403.8, 401.9, 401.1, 469.3, 471.2, 475.5, 479.8, 481.4, 479.5, 475.2, 470.6, 464.2, 467.2, 471.3, 476.5, 481.1, 484.2, 485.8, 483.9, 480.7, 476.9, 472.2, 467.5, 473.4, 475.0, 476.7, 477.4, 476.8, 475.1, 473.5, 472.8, 188.9, 183.5, 181.2, 183.4, 188.8, 194.6, 196.5, 194.3, 189.2, 187.5, 186.4, 186.2, 187.4, 189.5, 192.0, 193.7, 194.1, 194.1, 193.4, 191.8, 191.1, 192.0, 191.1, 188.8, 186.6, 185.7, 186.7, 188.9, 185.9, 181.3, 179.4, 181.4, 186.1, 190.8, 192.6, 190.9, 187.8, 185.4, 183.8, 183.3, 184.2, 185.6, 188.0, 190.3, 191.5, 191.8, 191.3, 190.1, 187.8, 188.6, 187.9, 186.1, 184.3, 183.5, 184.2, 186.0, -190.8, -189.4, -186.3, -183.2, -181.9, -183.3, -186.5, -189.6, -199.4, -195.1, -190.2, -185.8, -182.8, -181.2, -180.5, -181.6, -183.6, -186.7, -190.7, -195.3, -188.3, -187.0, -185.7, -185.2, -185.6, -186.9, -188.2, -188.8, -156.0, -154.3, -150.6, -147.0, -145.6, -147.2, -150.9, -155.0, -160.8, -157.8, -153.9, -149.3, -145.6, -143.4, -142.5, -143.8, -146.1, -149.2, -153.2, -157.6, -152.6, -151.2, -149.8, -149.2, -149.7, -151.1, -152.5, -153.2, -134.8, -139.2, -141.4, -140.0, -135.9, -131.2, -129.3, -130.7, -134.8, -135.9, -136.6, -137.0, -136.5, -135.5, -134.0, -132.2, -131.2, -130.8, -131.2, -132.5, -133.5, -133.0, -133.9, -135.7, -137.4, -137.9, -137.0, -135.2, -159.1, -163.4, -165.4, -163.8, -159.6, -155.2, -153.3, -154.6, -157.4, -159.4, -160.7, -161.4, -161.1, -160.4, -158.9, -156.3, -154.6, -153.8, -154.1, -155.2, -157.7, -157.1, -157.9, -159.6, -161.2, -161.8, -161.0, -159.3, 689.1, 689.8, 691.8, 693.8, 694.7, 694.3, 692.0, 690.0, 690.7, 689.3, 688.7, 689.6, 692.2, 695.3, 698.2, 695.5, 692.3, 690.0, 688.9, 689.3, 691.8, 692.7, 693.5, 693.8, 693.4, 692.6, 691.8, 691.5, 799.4, 799.9, 801.2, 802.5, 803.1, 802.6, 801.3, 800.2, 800.1, 799.0, 798.4, 799.1, 801.7, 805.1, 808.6, 805.7, 802.6, 800.3, 799.1, 799.5, 801.5, 802.1, 802.5, 802.7, 802.5, 802.0, 801.5, 801.3, -176.9, -112.5, 784.8, 0.222, -0.312, -0.031, 1.58, 0.27, 0.00, 1.03, 0.10, 0.00, 0.40, 1.50, 0.00, 1.43, 1.42, 0.96, 0.00, 0.00, 0.00, 0.00, 0.31, 1.0, 1.0, 0.0, 0.0, 0.0, 0.0, 1.0, 1.0, 0.0, 1.0, 1.0, 1.0, 0.0, 0.0, 0.0, 0.0, 1.0, 1.0
108, 0, 4.463, 0.98, 1, 0.425114, 0.272475, -0.863154, 0.250160, 0.332468, -0.909332, 0.364, 0.329, 397.5, 399.5, 404.2, 408.9, 410.8, 408.9, 404.0, 399.4, 387.2, 392.1, 398.0, 404.0, 408.8, 412.0, 414.0, 411.6, 407.9, 403.1, 397.5, 391.8, 401.8, 403.7, 405.6, 406.4, 405.6, 403.7, 401.8, 401.0, 469.3, 471.3, 475.6, 479.8, 481.4, 479.5, 475.1, 470.5, 464.0, 467.1, 471.3, 476.5, 481.1, 484.2, 485.8, 483.8, 480.6, 476.7, 472.0, 467.3, 473.4, 475.0, 476.7, 477.4, 476.8, 475.2, 473.5, 472.8, 189.2, 183.8, 181.6, 183.8, 189.2, 195.0, 196.8, 194.6, 189.6, 188.0, 187.0, 186.8, 188.1, 190.1, 192.6, 194.3, 194.6, 194.6, 193.9, 192.3, 191.4, 192.4, 191.4, 189.2, 187.0, 186.1, 187.1, 189.3, 186.4, 181.8, 180.0, 182.0, 186.7, 191.4, 193.2, 191.5, 188.2, 185.9, 184.3, 183.8, 184.8, 186.2, 188.6, 190.9, 192.1, 192.4, 191.8, 190.6, 188.3, 189.1, 188.4, 186.6, 184.8, 184.1, 184.8, 186.5, -191.1, -189.7, -186.4, -183.2, -181.9, -183.3, -186.6, -189.8, -199.8, -195.5, -190.6, -186.1, -182.9, -181.2, -180.4, -181.5, -183.7, -186.9, -191.0, -195.7, -188.4, -187.1, -185.8, -185.2, -185.8, -187.1, -188.4, -188.9, -155.7, -154.0, -150.3, -146.7, -145.3, -147.0, -150.8, -154.8, -160.7, -157.6, -153.7, -149.1, -145.4, -143.2, -142.3, -143.6, -146.0, -149.1, -153.2, -157.6, -152.4, -151.0, -149.6, -148.9, -149.4, -150.8, -152.3, -152.9, -134.6, -138.9, -141.1, -139.7, -135.6, -130.9, -129.0, -130.5, -134.6, -135.6, -136.3, -136.6, -136.0, -135.0, -133.6, -131.7, -130.9, -130.5, -130.9, -132.2, -133.3, -132.7, -133.6, -135.4, -137.1, -137.6, -136.8, -135.0, -158.3, -162.6, -164.5, -162.9, -158.8, -154.4, -152.5, -153.9, -156.9, -158.8, -160.0, -160.6, -160.3, -159.7, -158.2, -155.5, -153.8, -153.0, -153.4, -154.6, -157.0, -156.4, -157.1, -158.8, -160.4, -161.0, -160.3, -158.6, 689.4, 690.2, 691.9, 693.8, 694.5, 694.2, 692.0, 690.2, 691.4, 689.9, 689.2, 689.9, 692.3, 695.3, 698.2, 695.5, 692.4, 690.2, 689.3, 689.9, 692.0, 692.7, 693.5, 693.8, 693.4, 692.7, 692.0, 691.7, 798.1, 798.5, 799.8, 801.1, 801.8, 801.4, 800.2, 799.0, 798.9, 797.7, 797.1, 797.7, 800.4, 803.8, 807.4, 804.4, 801.4, 799.1, 798.0, 798.3, 800.3, 800.8, 801.3, 801.5, 801.2, 800.7, 800.2, 800.0, -176.8, -112.0, 783.9, 0.225, -0.305, -0.028, 1.84, 0.31, 0.00, 1.04, 0.00, 0.00, 0.35, 1.42, 0.00, 1.41, 1.46, 1.11, 0.00, 0.00, 0.00, 0.00, 0.27, 1.0, 1.0, 0.0, 0.0, 0.0, 0.0, 1.0, 1.0, 0.0, 1.0, 1.0, 1.0, 0.0, 0.0, 0.0, 0.0, 1.0, 1.0
109, 0, 4.505, 0.98, 1, 0.422833, 0.272357, -0.864311, 0.258171, 0.330159, -0.907933, 0.367, 0.328, 397.7, 399.7, 404.5, 409.1, 411.0, 409.1, 404.2, 399.5, 387.6, 392.3, 398.2, 404.2, 409.0, 412.2, 414.2, 411.7, 408.0, 403.1, 397.6, 392.1, 402.0, 403.9, 405.8, 406.6, 405.9, 404.0, 402.0, 401.2, 469.6, 471.6, 476.0, 480.2, 481.7, 479.7, 475.4, 470.8, 464.3, 467.3, 471.5, 476.7, 481.3, 484.4, 486.1, 484.0, 480.7, 476.8, 472.1, 467.5, 473.7, 475.3, 477.0, 477.7, 477.1, 475.5, 473.9, 473.1, 189.5, 184.2, 182.0, 184.1, 189.4, 195.1, 197.0, 194.8, 189.9, 188.2, 187.2, 187.0, 188.3, 190.4, 192.9, 194.5, 194.9, 194.9, 194.2, 192.6, 191.7, 192.5, 191.6, 189.4, 187.3, 186.4, 187.3, 189.5, 186.7, 182.1, 180.3, 182.3, 187.0, 191.5, 193.4, 191.6, 188.4, 185.9, 184.4, 183.9, 184.8, 186.2, 188.6, 191.0, 192.3, 192.7, 192.1, 190.8, 188.5, 189.3, 188.6, 186.8, 185.0, 184.3, 185.0, 186.7, -193.3, -191.8, -188.4, -185.2, -183.9, -185.4, -188.8, -192.0, -201.9, -197.7, -192.8, -188.2, -184.9, -183.2, -182.3, -183.6, -185.9, -189.2, -193.3, -197.9, -190.6, -189.2, -187.9, -187.3, -187.8, -189.1, -190.5, -191.1, -156.4, -154.6, -150.8, -147.2, -145.9, -147.7, -151.6, -155.6, -161.5, -158.4, -154.5, -149.8, -146.0, -143.7, -142.8, -144.3, -146.8, -150.0, -154.1, -158.5, -153.1, -151.7, -150.2, -149.6, -150.0, -151.4, -152.9, -153.6, -136.0, -140.3, -142.4, -141.1, -137.0, -132.4, -130.5, -131.9, -136.1, -137.1, -137.7, -138.0, -137.5, -136.4, -134.9, -133.1, -132.2, -131.9, -132.3, -133.7, -134.8, -134.2, -135.1, -136.9, -138.5, -139.1, -138.2, -136.4, -159.1, -163.3, -165.2, -163.6, -159.5, -155.3, -153.4, -154.8, -157.8, -159.7, -160.9, -161.5, -161.2, -160.6, -159.1, -156.3, -154.6, -153.8, -154.2, -155.4, -157.8, -157.2, -158.0, -159.6, -161.2, -161.8, -161.0, -159.4, 697.9, 698.4, 700.1, 701.8, 702.7, 702.6, 700.6, 698.8, 700.2, 698.5, 697.6, 698.2, 700.6, 703.6, 706.4, 703.9, 700.9, 698.8, 698.0, 698.6, 700.4, 701.2, 701.8, 702.0, 701.7, 701.0, 700.3, 700.1, 803.2, 803.4, 804.5, 805.8, 806.7, 806.6, 805.5, 804.3, 804.3, 802.9, 802.0, 802.5, 805.1, 808.5, 812.1, 809.4, 806.5, 804.3, 803.3, 803.7, 805.4, 805.9, 806.4, 806.4, 806.1, 805.5, 805.1, 805.1, -176.8, -112.1, 785.3, 0.219, -0.303, -0.034, 1.84, 0.44, 0.00, 0.79, 0.00, 0.00, 0.41, 1.28, 0.00, 1.14, 1.53, 1.21, 0.00, 0.00, 0.00, 0.40, 0.29, 1.0, 1.0, 0.0, 0.0, 0.0, 0.0, 1.0, 0.0, 0.0, 1.0, 1.0, 1.0, 0.0, 0.0, 0.0, 0.0, 1.0, 1.0
110, 0, 4.546, 0.98, 1, 0.426941, 0.250630, -0.868853, 0.278916, 0.336736, -0.899341, 0.380, 0.321, 398.3, 400.3, 405.0, 409.6, 411.4, 409.6, 404.8, 400.2, 388.6, 393.1, 398.8, 404.8, 409.6, 412.8, 414.7, 412.3, 408.6, 403.8, 398.4, 393.0, 402.6, 404.5, 406.3, 407.1, 406.4, 404.5, 402.7, 401.9, 470.3, 472.2, 476.4, 480.6, 482.2, 480.3, 476.0, 471.4, 464.8, 467.8, 471.8, 476.9, 481.5, 484.7, 486.5, 484.3, 481.0, 477.1, 472.5, 467.9, 474.3, 475.9, 477.5, 478.3, 477.7, 476.1, 474.4, 473.7, 189.4, 184.2, 181.9, 184.0, 189.2, 194.7, 196.6, 194.5, 190.3, 188.5, 187.4, 187.0, 188.2, 190.2, 192.7, 194.5, 195.0, 195.1, 194.5, 193.0, 191.4, 192.2, 191.3, 189.2, 187.1, 186.3, 187.2, 189.3, 186.7, 182.2, 180.3, 182.2, 186.7, 191.2, 193.1, 191.5, 188.2, 185.8, 184.4, 183.8, 184.7, 186.0, 188.2, 190.7, 192.0, 192.4, 191.8, 190.6, 188.4, 189.1, 188.4, 186.6, 184.9, 184.2, 184.9, 186.6, -195.6, -194.2, -190.8, -187.5, -186.2, -187.7, -191.1, -194.4, -204.2, -200.0, -195.1, -190.5, -187.2, -185.3, -184.5, -185.8, -188.1, -191.5, -195.6, -200.2, -192.8, -191.5, -190.2, -189.6, -190.1, -191.4, -192.8, -193.4, -158.6, -156.9, -153.0, -149.4, -148.1, -149.9, -153.7, -157.8, -164.0, -160.9, -157.0, -152.3, -148.4, -146.0, -145.0, -146.6, -149.2, -152.5, -156.6, -161.0, -155.3, -153.9, -152.4, -151.7, -152.2, -153.6, -155.1, -155.8, -138.1, -142.4, -144.5, -143.2, -139.2, -134.6, -132.8, -134.1, -137.9, -138.9, -139.7, -140.0, -139.6, -138.5, -137.0, -135.1, -134.1, -133.6, -134.0, -135.4, -137.0, -136.4, -137.3, -139.0, -140.7, -141.2, -140.3, -138.6, -162.0, -166.2, -168.1, -166.6, -162.6, -158.4, -156.4, -157.7, -160.8, -162.7, -163.9, -164.5, -164.2, -163.6, -162.2, -159.4, -157.6, -156.8, -157.2, -158.5, -160.8, -160.2, -161.0, -162.6, -164.2, -164.8, -164.0, -162.4, 708.4, 708.8, 710.3, 712.0, 712.9, 712.8, 710.9, 709.3, 710.8, 709.0, 708.0, 708.5, 710.8, 713.8, 716.7, 714.2, 711.3, 709.3, 708.6, 709.2, 710.8, 711.5, 712.1, 712.3, 711.9, 711.3, 710.6, 710.5, 817.8, 817.8, 818.8, 820.1, 821.1, 821.1, 820.1, 819.0, 819.1, 817.5, 816.5, 816.9, 819.4, 822.8, 826.5, 823.7, 820.9, 818.8, 817.9, 818.4, 820.0, 820.5, 820.9, 820.9, 820.5, 819.9, 819.6, 819.6, -176.1, -112.2, 785.2, 0.218, -0.321, -0.038, 1.67, 0.44, 0.00, 0.86, 0.00, 0.00, 0.39, 1.33, 0.00, 0.70, 1.49, 1.76, 0.00, 0.00, 0.00, 0.07, 0.29, 1.0, 1.0, 0.0, 0.0, 0.0, 0.0, 1.0, 0.0, 0.0, 1.0, 1.0, 1.0, 0.0, 0.0, 0.0, 0.0, 1.0, 1.0
111, 0, 4.588, 0.98, 1, 0.435451, 0.252724, -0.864010, 0.292419, 0.328841, -0.897973, 0.392, 0.319, 399.0, 401.0, 405.7, 410.3, 412.2, 410.4, 405.6, 400.9, 389.2, 393.9, 399.8, 405.8, 410.6, 413.7, 415.5, 413.1, 409.5, 404.7, 399.3, 393.7, 403.3, 405.2, 407.0, 407.8, 407.1, 405.2, 403.3, 402.6, 470.8, 472.7, 477.0, 481.1, 482.6, 480.7, 476.4, 471.9, 465.4, 468.4, 472.5, 477.5, 482.1, 485.2, 486.9, 484.8, 481.5, 477.7, 473.1, 468.6, 474.7, 476.3, 478.0, 478.7, 478.1, 476.5, 474.9, 474.2, 189.1, 183.7, 181.5, 183.6, 188.9, 194.6, 196.5, 194.4, 189.9, 188.0, 186.8, 186.5, 187.8, 189.9, 192.7, 194.3, 194.7, 194.7, 194.0, 192.5, 191.1, 192.0, 191.1, 188.9, 186.8, 186.0, 186.9, 189.0, 185.8, 181.3, 179.5, 181.4, 186.0, 190.5, 192.3, 190.6, 187.6, 185.1, 183.5, 183.0, 183.8, 185.2, 187.6, 190.0, 191.3, 191.7, 191.1, 189.9, 187.6, 188.3, 187.6, 185.9, 184.1, 183.4, 184.1, 185.8, -191.7, -190.3, -187.0, -183.8, -182.5, -183.9, -187.2, -190.4, -200.1, -195.9, -191.0, -186.4, -183.2, -181.6, -180.9, -182.1, -184.2, -187.4, -191.5, -196.1, -189.0, -187.7, -186.4, -185.8, -186.3, -187.6, -188.9, -189.5, -158.2, -156.5, -152.7, -149.1, -147.8, -149.6, -153.4, -157.4, -163.4, -160.4, -156.4, -151.8, -148.0, -145.7, -144.8, -146.3, -148.7, -152.0, -156.1, -160.4, -154.9, -153.6, -152.1, -151.4, -151.9, -153.3, -154.8, -155.4, -136.0, -140.4, -142.5, -141.2, -137.1, -132.5, -130.5, -131.9, -135.7, -136.9, -137.7, -138.1, -137.6, -136.4, -134.8, -133.0, -132.1, -131.7, -132.0, -133.3, -134.8, -134.3, -135.1, -136.9, -138.5, -139.0, -138.2, -136.4, -162.9, -167.2, -169.1, -167.5, -163.4, -159.1, -157.2, -158.6, -161.5, -163.5, -164.8, -165.4, -165.1, -164.5, -163.0, -160.2, -158.4, -157.6, -157.9, -159.2, -161.7, -161.1, -161.8, -163.5, -165.0, -165.6, -164.9, -163.3, 696.1, 696.7, 698.4, 700.2, 701.0, 700.8, 698.7, 696.9, 698.0, 696.4, 695.6, 696.4, 698.9, 701.9, 704.8, 702.2, 699.1, 697.0, 696.0, 696.5, 698.6, 699.3, 700.0, 700.3, 699.9, 699.2, 698.5, 698.3, 818.2, 818.4, 819.5, 820.9, 821.7, 821.5, 820.4, 819.2, 819.2, 817.8, 817.0, 817.5, 820.1, 823.5, 827.1, 824.3, 821.4, 819.2, 818.2, 818.7, 820.4, 820.9, 821.3, 821.4, 821.1, 820.5, 820.1, 820.0, -174.5, -111.9, 782.2, 0.218, -0.350, -0.040, 1.75, 0.59, 0.00, 0.84, 0.00, 0.00, 0.37, 1.39, 0.00, 0.30, 1.61, 1.57, 0.00, 0.00, 0.00, 0.00, 0.31, 1.0, 1.0, 0.0, 1.0, 0.0, 0.0, 1.0, 0.0, 0.0, 0.0, 1.0, 1.0, 0.0, 0.0, 0.0, 0.0, 1.0, 1.0
112, 0, 4.630, 0.88, 1, 0.447245, 0.240075, -0.861589, 0.278529, 0.317699, -0.906360, 0.390, 0.306, 400.6, 402.6, 407.3, 411.9, 413.9, 412.1, 407.2, 402.5, 390.6, 395.4, 401.4, 407.5, 412.3, 415.4, 417.2, 414.8, 411.2, 406.5, 401.0, 395.3, 404.9, 406.8, 408.7, 409.5, 408.7, 406.8, 404.9, 404.1, 471.9, 473.7, 477.9, 482.0, 483.6, 481.8, 477.6, 473.1, 466.9, 469.9, 474.0, 479.1, 483.5, 486.4, 487.8, 486.0, 483.0, 479.4, 474.8, 470.2, 475.8, 477.4, 479.0, 479.7, 479.1, 477.5, 475.9, 475.2, 189.4, 183.9, 181.5, 183.5, 188.8, 194.6, 196.6, 194.7, 190.2, 188.3, 187.0, 186.5, 187.6, 189.8, 192.5, 194.7, 195.6, 195.9, 195.3, 193.4, 191.3, 192.1, 191.1, 188.9, 186.8, 186.0, 187.0, 189.2, 185.5, 181.0, 179.1, 181.0, 185.6, 190.2, 192.1, 190.5, 187.5, 185.0, 183.3, 182.7, 183.6, 185.0, 187.4, 189.7, 191.0, 191.4, 190.9, 189.8, 187.3, 188.1, 187.3, 185.6, 183.8, 183.1, 183.8, 185.6, -186.0, -184.6, -181.3, -178.2, -177.0, -178.4, -181.7, -184.8, -194.3, -190.1, -185.2, -180.7, -177.6, -176.0, -175.4, -176.6, -178.7, -181.8, -185.8, -190.3, -183.4, -182.1, -180.8, -180.2, -180.7, -182.0, -183.3, -183.9, -155.4, -153.8, -150.2, -146.7, -145.3, -146.9, -150.6, -154.5, -160.2, -157.1, -153.2, -148.7, -145.2, -143.2, -142.5, -143.6, -145.8, -148.8, -152.7, -157.0, -152.2, -150.9, -149.5, -148.9, -149.4, -150.7, -152.1, -152.8, -132.5, -136.8, -139.1, -137.9, -134.0, -129.5, -127.5, -128.7, -132.3, -133.5, -134.3, -134.8, -134.4, -133.4, -131.8, -129.6, -128.4, -127.7, -128.0, -129.5, -131.6, -131.1, -132.0, -133.7, -135.3, -135.8, -134.9, -133.1, -161.3, -165.6, -167.6, -166.2, -162.0, -157.7, -155.7, -156.9, -159.6, -161.7, -163.1, -163.9, -163.7, -163.1, -161.5, -158.8, -157.0, -156.1, -156.4, -157.4, -160.1, -159.5, -160.3, -162.0, -163.5, -164.1, -163.3, -161.7, 679.8, 680.1, 681.7, 683.6, 684.7, 684.8, 682.8, 680.9, 681.8, 680.1, 679.2, 679.9, 682.5, 685.7, 688.7, 686.3, 683.3, 681.2, 680.2, 680.5, 682.4, 683.2, 683.8, 684.0, 683.5, 682.7, 682.1, 682.0, 809.0, 809.4, 810.8, 812.3, 813.1, 812.7, 811.3, 810.0, 809.5, 808.4, 807.9, 808.9, 811.7, 815.3, 819.0, 815.9, 812.8, 810.3, 809.0, 809.1, 811.3, 811.9, 812.4, 812.6, 812.3, 811.7, 811.2, 811.0, -173.2, -111.8, 783.3, 0.226, -0.374, -0.039, 1.75, 0.74, 0.00, 0.90, 0.00, 0.00, 0.36, 1.21, 0.00, 0.18, 1.52, 1.25, 0.00, 0.00, 0.00, 0.00, 0.34, 1.0, 1.0, 0.0, 1.0, 0.0, 0.0, 1.0, 0.0, 0.0, 0.0, 1.0, 1.0, 0.0, 0.0, 0.0, 0.0, 1.0, 1.0
113, 0, 4.671, 0.98, 1, 0.355213, 0.214170, -0.909920, 0.278595, 0.289597, -0.915706, 0.334, 0.269, 402.3, 403.5, 407.8, 412.8, 415.5, 414.5, 409.9, 405.0, 395.6, 399.0, 403.9, 409.4, 414.3, 417.8, 420.1, 418.1, 414.7, 410.4, 405.2, 400.0, 406.9, 409.0, 410.9, 411.4, 410.3, 408.1, 406.3, 405.7, 472.9, 474.7, 479.0, 483.1, 484.8, 483.0, 478.7, 474.2, 468.1, 471.2, 475.2, 480.3, 484.7, 487.6, 489.1, 487.3, 484.3, 480.6, 476.1, 471.4, 476.9, 478.5, 480.2, 480.9, 480.2, 478.6, 477.0, 476.2, 190.8, 185.6, 183.0, 184.5, 189.2, 194.8, 197.1, 195.6, 195.2, 192.0, 189.4, 187.5, 187.6, 189.4, 192.3, 194.6, 195.9, 197.1, 197.5, 197.0, 192.6, 193.2, 192.1, 189.8, 187.8, 187.1, 188.3, 190.5, 185.5, 180.9, 179.0, 181.0, 185.6, 190.2, 192.1, 190.4, 187.3, 184.8, 183.2, 182.6, 183.5, 185.0, 187.4, 189.7, 190.9, 191.3, 190.7, 189.6, 187.3, 188.1, 187.4, 185.6, 183.8, 183.0, 183.8, 185.5, -197.4, -196.6, -193.4, -189.6, -187.4, -188.0, -191.4, -195.2, -203.4, -200.2, -195.9, -191.5, -188.1, -185.9, -184.6, -185.6, -187.7, -190.8, -194.9, -199.4, -194.1, -192.4, -191.0, -190.7, -191.6, -193.3, -194.7, -195.0, -154.6, -153.0, -149.3, -145.7, -144.2, -145.9, -149.5, -153.5, -159.1, -156.1, -152.2, -147.7, -144.1, -142.0, -141.2, -142.4, -144.6, -147.6, -151.6, -156.0, -151.3, -149.9, -148.4, -147.8, -148.4, -149.8, -151.2, -151.8, -140.5, -145.0, -147.5, -146.5, -142.5, -137.8, -135.5, -136.5, -137.2, -139.6, -141.6, -143.3, -143.6, -142.7, -140.7, -138.4, -136.7, -135.4, -135.0, -135.5, -139.4, -138.9, -140.0, -142.0, -143.7, -144.1, -143.0, -141.1, -161.4, -165.7, -167.7, -166.2, -162.1, -157.7, -155.7, -157.0, -159.8, -161.9, -163.3, -164.0, -163.8, -163.1, -161.5, -158.8, -157.1, -156.3, -156.5, -157.6, -160.1, -159.5, -160.3, -162.0, -163.6, -164.2, -163.4, -161.7, 726.6, 727.4, 728.8, 730.0, 730.3, 729.8, 728.1, 726.9, 728.4, 726.9, 726.0, 726.6, 728.9, 731.7, 734.3, 732.0, 729.1, 727.2, 726.6, 727.2, 728.5, 729.0, 729.7, 730.0, 729.9, 729.4, 728.7, 728.4, 809.3, 809.8, 811.1, 812.5, 813.2, 812.7, 811.4, 810.2, 809.9, 808.8, 808.3, 809.2, 812.0, 815.4, 819.0, 816.0, 812.9, 810.4, 809.2, 809.4, 811.5, 812.1, 812.6, 812.8, 812.5, 811.9, 811.4, 811.3, -173.7, -112.9, 796.6, 0.204, -0.374, -0.063, 1.41, 0.36, 0.00, 1.33, 0.00, 0.00, 0.20, 1.08, 0.00, 0.09, 1.20, 1.01, 0.00, 0.00, 0.00, 0.46, 0.60, 1.0, 1.0, 0.0, 1.0, 0.0, 0.0, 1.0, 0.0, 0.0, 0.0, 1.0, 1.0, 0.0, 0.0, 0.0, 1.0, 1.0, 1.0
114, 0, 4.713, 0.98, 1, 0.371852, 0.199014, -0.906708, 0.295039, 0.290164, -0.910361, 0.352, 0.263, 403.8, 404.8, 409.0, 413.9, 416.5, 415.7, 411.3, 406.4, 396.7, 400.3, 405.3, 410.9, 415.6, 418.7, 420.7, 418.9, 415.9, 411.7, 406.6, 401.3, 408.2, 410.2, 412.0, 412.5, 411.4, 409.3, 407.5, 407.0, 474.2, 475.9, 480.0, 484.1, 485.8, 484.1, 480.0, 475.5, 469.2, 472.3, 476.4, 481.4, 485.8, 488.6, 490.0, 488.3, 485.5, 481.9, 477.3, 472.6, 478.1, 479.7, 481.3, 481.9, 481.3, 479.7, 478.1, 477.4, 191.7, 186.4, 183.6, 185.1, 189.9, 195.6, 197.9, 196.5, 196.2, 192.8, 190.1, 188.1, 188.3, 190.2, 193.3, 195.5, 196.8, 198.0, 198.4, 198.0, 193.4, 194.0, 192.8, 190.5, 188.5, 187.8, 189.0, 191.3, 186.1, 181.4, 179.4, 181.3, 185.9, 190.5, 192.5, 191.0, 188.0, 185.4, 183.7, 183.0, 183.8, 185.2, 187.6, 189.9, 191.2, 191.7, 191.2, 190.2, 187.8, 188.5, 187.8, 185.9, 184.2, 183.4, 184.2, 186.0, -193.0, -192.3, -189.4, -185.8, -183.8, -184.4, -187.4, -191.0, -199.2, -195.9, -191.6, -187.3, -184.2, -182.4, -181.5, -182.3, -184.0, -186.9, -190.8, -195.2, -190.0, -188.5, -187.2, -186.9, -187.8, -189.3, -190.6, -190.9, -152.4, -150.9, -147.4, -143.9, -142.4, -143.9, -147.5, -151.4, -157.0, -154.0, -150.2, -145.7, -142.3, -140.3, -139.7, -140.7, -142.7, -145.6, -149.5, -153.8, -149.3, -147.9, -146.5, -145.9, -146.5, -147.9, -149.2, -149.8, -137.5, -142.0, -144.6, -143.7, -139.9, -135.2, -132.8, -133.7, -134.0, -136.6, -138.7, -140.5, -140.9, -140.0, -137.9, -135.7, -134.0, -132.6, -132.1, -132.5, -136.6, -136.2, -137.3, -139.3, -140.9, -141.3, -140.2, -138.2, -159.8, -164.2, -166.3, -165.0, -160.9, -156.5, -154.4, -155.5, -158.2, -160.3, -161.8, -162.7, -162.5, -161.9, -160.4, -157.7, -155.9, -155.0, -155.1, -156.1, -158.7, -158.2, -159.0, -160.7, -162.3, -162.8, -162.0, -160.3, 714.9, 715.7, 717.4, 719.1, 719.6, 719.2, 717.1, 715.5, 716.2, 714.9, 714.4, 715.5, 718.2, 721.2, 724.0, 721.5, 718.5, 716.2, 715.2, 715.4, 717.2, 717.9, 718.7, 719.0, 718.8, 718.1, 717.3, 717.0, 804.2, 804.6, 806.1, 807.7, 808.5, 808.0, 806.5, 805.1, 804.5, 803.5, 803.1, 804.2, 807.2, 810.8, 814.6, 811.4, 808.1, 805.6, 804.1, 804.1, 806.5, 807.2, 807.7, 807.9, 807.6, 807.0, 806.4, 806.2, -172.7, -112.3, 797.7, 0.201, -0.389, -0.070, 1.32, 0.36, 0.00, 1.11, 0.00, 0.00, 0.18, 1.07, 0.00, 0.00, 1.48, 1.03, 0.00, 0.00, 0.00, 0.00, 0.57, 1.0, 1.0, 0.0, 1.0, 0.0, 0.0, 1.0, 0.0, 0.0, 0.0, 1.0, 1.0, 0.0, 0.0, 0.0, 1.0, 1.0, 1.0
115, 0, 4.755, 0.98, 1, 0.363046, 0.203937, -0.909180, 0.290173, 0.297078, -0.909694, 0.345, 0.269, 404.2, 405.3, 409.5, 414.3, 416.9, 416.0, 411.6, 406.8, 397.0, 400.8, 405.9, 411.4, 416.1, 419.2, 421.2, 419.4, 416.4, 412.2, 407.1, 401.7, 408.6, 410.6, 412.4, 412.9, 411.8, 409.7, 407.9, 407.4, 474.7, 476.5, 480.6, 484.7, 486.3, 484.5, 480.4, 475.9, 469.9, 472.8, 476.8, 481.8, 486.2, 489.1, 490.6, 488.7, 485.8, 482.2, 477.7, 473.1, 478.6, 480.2, 481.8, 482.5, 481.9, 480.3, 478.7, 478.0, 192.5, 187.2, 184.5, 186.0, 190.7, 196.4, 198.7, 197.2, 197.0, 193.7, 191.0, 189.1, 189.3, 191.1, 194.0, 196.3, 197.7, 198.9, 199.3, 198.8, 194.1, 194.8, 193.6, 191.3, 189.3, 188.7, 189.8, 192.1, 187.0, 182.5, 180.6, 182.5, 187.0, 191.5, 193.4, 191.8, 188.8, 186.3, 184.7, 184.1, 184.9, 186.3, 188.8, 191.1, 192.4, 192.8, 192.3, 191.1, 188.7, 189.5, 188.7, 187.0, 185.2, 184.5, 185.2, 187.0, -192.9, -192.2, -189.3, -185.7, -183.7, -184.3, -187.4, -190.9, -199.2, -195.7, -191.4, -187.1, -184.0, -182.2, -181.4, -182.1, -183.9, -186.8, -190.7, -195.1, -189.9, -188.4, -187.1, -186.8, -187.7, -189.2, -190.5, -190.8, -155.4, -153.7, -150.1, -146.5, -145.1, -146.8, -150.4, -154.4, -160.0, -157.0, -153.2, -148.6, -145.0, -142.8, -142.1, -143.3, -145.5, -148.6, -152.5, -156.9, -152.1, -150.7, -149.3, -148.7, -149.2, -150.6, -152.0, -152.6, -137.1, -141.5, -144.1, -143.2, -139.4, -134.7, -132.4, -133.3, -133.6, -136.1, -138.1, -139.9, -140.3, -139.4, -137.6, -135.2, -133.5, -132.1, -131.6, -132.0, -136.1, -135.7, -136.8, -138.8, -140.4, -140.8, -139.7, -137.8, -162.6, -166.9, -168.9, -167.4, -163.3, -159.0, -157.0, -158.3, -161.0, -163.1, -164.5, -165.3, -165.0, -164.4, -162.8, -160.0, -158.2, -157.4, -157.6, -158.7, -161.4, -160.8, -161.6, -163.3, -164.9, -165.4, -164.7, -163.0, 715.8, 716.6, 718.3, 719.9, 720.5, 720.1, 718.0, 716.4, 717.3, 715.9, 715.4, 716.4, 719.1, 722.3, 725.1, 722.6, 719.5, 717.3, 716.3, 716.4, 718.1, 718.8, 719.6, 719.9, 719.7, 719.0, 718.2, 717.9, 822.4, 822.7, 824.0, 825.4, 826.1, 825.8, 824.5, 823.3, 823.0, 821.8, 821.2, 822.0, 824.8, 828.3, 832.0, 829.0, 825.9, 823.6, 822.3, 822.5, 824.6, 825.1, 825.6, 825.7, 825.4, 824.9, 824.4, 824.3, -172.4, -111.3, 797.2, 0.212, -0.378, -0.067, 1.61, 0.45, 0.00, 1.27, 0.00, 0.00, 0.13, 1.12, 0.00, 0.37, 1.43, 1.02, 0.00, 0.00, 0.00, 0.00, 0.65, 1.0, 1.0, 0.0, 1.0, 0.0, 0.0, 0.0, 0.0, 0.0, 0.0, 1.0, 1.0, 0.0, 0.0, 0.0, 1.0, 1.0, 1.0
116, 0, 4.796, 0.88, 1, 0.427955, 0.244569, -0.870081, 0.286217, 0.308284, -0.907216, 0.382, 0.302, 403.8, 405.5, 409.9, 414.5, 416.5, 415.0, 410.4, 405.8, 394.3, 399.3, 405.1, 410.9, 415.3, 418.0, 419.6, 417.8, 414.7, 410.5, 405.2, 399.5, 407.7, 409.7, 411.7, 412.4, 411.5, 409.5, 407.5, 406.8, 474.5, 476.3, 480.4, 484.5, 486.1, 484.3, 480.2, 475.7, 469.6, 472.6, 476.7, 481.7, 486.1, 488.8, 490.2, 488.5, 485.7, 482.1, 477.6, 472.9, 478.4, 480.0, 481.6, 482.2, 481.6, 480.0, 478.4, 477.7, 193.1, 187.4, 184.7, 186.6, 192.0, 198.0, 200.3, 198.4, 195.0, 192.8, 191.1, 190.0, 190.5, 192.1, 194.6, 197.4, 199.0, 199.9, 199.6, 198.1, 195.1, 196.0, 194.8, 192.3, 189.9, 189.0, 190.2, 192.7, 187.9, 183.3, 181.4, 183.3, 187.9, 192.5, 194.4, 192.8, 189.8, 187.3, 185.7, 185.0, 185.9, 187.3, 189.7, 192.1, 193.3, 193.8, 193.3, 192.1, 189.7, 190.4, 189.7, 187.9, 186.1, 185.4, 186.1, 187.9, -180.3, -179.2, -176.4, -173.5, -172.2, -173.4, -176.3, -179.1, -187.8, -183.7, -179.2, -175.1, -172.5, -171.3, -170.9, -171.7, -173.2, -175.7, -179.4, -183.7, -178.2, -176.9, -175.6, -175.1, -175.7, -177.0, -178.2, -178.7, -152.9, -151.4, -147.8, -144.3, -142.9, -144.5, -148.1, -151.9, -157.5, -154.5, -150.7, -146.2, -142.8, -140.8, -140.2, -141.2, -143.3, -146.2, -150.1, -154.4, -149.8, -148.4, -147.0, -146.4, -147.0, -148.3, -149.7, -150.3, -127.5, -131.9, -134.4, -133.4, -129.5, -124.8, -122.6, -123.6, -126.1, -127.6, -128.9, -129.9, -130.1, -129.6, -128.3, -125.6, -123.8, -122.6, -122.6, -123.7, -126.5, -126.0, -127.1, -129.1, -130.8, -131.3, -130.2, -128.2, -159.0, -163.3, -165.4, -163.9, -159.8, -155.5, -153.5, -154.6, -157.3, -159.4, -160.9, -161.7, -161.5, -160.9, -159.3, -156.5, -154.7, -153.8, -154.0, -155.1, -157.8, -157.2, -158.0, -159.7, -161.3, -161.9, -161.1, -159.4, 668.1, 668.7, 670.8, 673.2, 674.4, 674.3, 671.8, 669.4, 668.8, 667.7, 667.5, 668.8, 671.8, 675.2, 678.5, 675.9, 672.7, 670.2, 668.6, 668.3, 671.1, 672.2, 673.1, 673.4, 672.8, 671.7, 670.8, 670.6, 808.5, 808.9, 810.4, 811.9, 812.7, 812.3, 810.8, 809.4, 808.8, 807.8, 807.4, 808.5, 811.5, 815.0, 818.8, 815.7, 812.5, 809.9, 808.4, 808.5, 810.8, 811.4, 812.0, 812.2, 811.9, 811.2, 810.7, 810.5, -172.6, -110.6, 791.9, 0.220, -0.374, -0.054, 1.58, 0.55, 0.00, 1.84, 0.00, 0.00, 0.57, 0.99, 0.00, 0.67, 1.65, 1.62, 0.00, 0.00, 0.00, 0.29, 0.47, 1.0, 1.0, 0.0, 1.0, 0.0, 0.0, 1.0, 0.0, 0.0, 1.0, 1.0, 1.0, 0.0, 0.0, 0.0, 0.0, 1.0, 1.0
117, 0, 4.838, 0.98, 1, 0.442471, 0.240497, -0.863933, 0.282696, 0.320387, -0.904121, 0.389, 0.307, 403.8, 405.6, 410.1, 414.7, 416.7, 415.0, 410.3, 405.7, 393.8, 398.8, 404.7, 410.6, 415.1, 418.0, 419.8, 417.7, 414.4, 410.0, 404.6, 398.8, 407.8, 409.7, 411.7, 412.4, 411.6, 409.7, 407.7, 407.0, 474.6, 476.4, 480.6, 484.7, 486.3, 484.4, 480.3, 475.8, 469.7, 472.7, 476.7, 481.8, 486.2, 489.1, 490.6, 488.7, 485.7, 482.1, 477.6, 473.0, 478.5, 480.1, 481.7, 482.4, 481.8, 480.2, 478.6, 477.9, 192.6, 187.1, 184.5, 186.5, 191.8, 197.8, 200.0, 198.0, 193.8, 191.8, 190.3, 189.6, 190.5, 192.5, 195.2, 197.8, 199.1, 199.7, 199.1, 197.2, 194.7, 195.5, 194.4, 192.0, 189.8, 188.9, 190.0, 192.4, 188.3, 183.8, 182.0, 183.9, 188.4, 192.9, 194.7, 193.1, 190.1, 187.7, 186.1, 185.6, 186.4, 187.9, 190.2, 192.6, 193.8, 194.3, 193.7, 192.5, 190.1, 190.8, 190.1, 188.4, 186.6, 185.8, 186.6, 188.3, -180.9, -179.7, -176.7, -173.8, -172.5, -173.8, -176.8, -179.8, -188.9, -184.7, -180.1, -175.9, -173.1, -171.7, -171.2, -172.1, -173.8, -176.6, -180.4, -184.8, -178.6, -177.4, -176.1, -175.6, -176.1, -177.3, -178.6, -179.1, -154.5, -152.9, -149.2, -145.7, -144.3, -145.9, -149.6, -153.6, -159.2, -156.2, -152.3, -147.8, -144.1, -142.0, -141.3, -142.5, -144.8, -147.8, -151.7, -156.1, -151.3, -149.9, -148.5, -147.8, -148.3, -149.7, -151.2, -151.8, -128.2, -132.6, -134.9, -133.8, -129.9, -125.3, -123.2, -124.3, -127.5, -128.8, -129.9, -130.6, -130.5, -129.6, -128.1, -125.5, -124.0, -123.1, -123.3, -124.7, -127.2, -126.7, -127.7, -129.6, -131.2, -131.7, -130.7, -128.8, -160.4, -164.7, -166.6, -165.1, -161.0, -156.8, -154.8, -156.1, -158.8, -160.8, -162.2, -162.9, -162.6, -162.0, -160.5, -157.7, -155.9, -155.1, -155.4, -156.5, -159.2, -158.6, -159.3, -161.0, -162.6, -163.2, -162.4, -160.8, 670.2, 670.7, 672.7, 674.9, 676.0, 675.9, 673.6, 671.4, 671.3, 670.1, 669.7, 670.8, 673.6, 676.8, 680.0, 677.5, 674.3, 671.9, 670.5, 670.4, 673.1, 674.0, 674.8, 675.1, 674.6, 673.6, 672.8, 672.6, 817.4, 817.8, 819.0, 820.5, 821.2, 820.9, 819.6, 818.4, 818.1, 816.9, 816.3, 817.1, 820.0, 823.5, 827.2, 824.2, 821.1, 818.7, 817.4, 817.6, 819.6, 820.2, 820.7, 820.8, 820.5, 820.0, 819.5, 819.3, -171.2, -109.3, 785.0, 0.232, -0.372, -0.047, 1.74, 0.65, 0.00, 1.61, 0.00, 0.00, 0.52, 1.00, 0.00, 1.19, 1.92, 2.15, 0.00, 0.00, 0.00, 0.16, 0.45, 1.0, 1.0, 0.0, 1.0, 0.0, 0.0, 1.0, 0.0, 0.0, 1.0, 1.0, 1.0, 0.0, 0.0, 0.0, 0.0, 1.0, 1.0
118, 0, 4.880, 0.98, 1, 0.404011, 0.223475, -0.887037, 0.281398, 0.321612, -0.904091, 0.365, 0.295, 404.0, 405.4, 409.5, 414.1, 416.3, 415.1, 410.8, 406.2, 396.1, 400.2, 405.4, 410.9, 415.4, 418.1, 419.7, 417.9, 414.9, 410.8, 405.8, 400.6, 408.0, 409.9, 411.7, 412.3, 411.4, 409.4, 407.6, 407.1, 474.6, 476.4, 480.6, 484.7, 486.3, 484.5, 480.3, 475.8, 469.7, 472.8, 476.9, 482.0, 486.4, 489.2, 490.5, 488.8, 485.9, 482.3, 477.8, 473.1, 478.5, 480.1, 481.7, 482.4, 481.8, 480.2, 478.6, 477.9, 193.2, 187.8, 185.2, 186.9, 191.9, 197.6, 199.8, 198.1, 196.7, 193.9, 191.8, 190.4, 190.6, 192.5, 195.4, 197.8, 199.3, 200.2, 200.2, 199.1, 195.0, 195.7, 194.6, 192.3, 190.2, 189.5, 190.6, 192.8, 188.3, 183.7, 181.9, 183.8, 188.5, 193.1, 194.9, 193.3, 190.3, 187.8, 186.3, 185.7, 186.5, 187.9, 190.3, 192.6, 193.9, 194.3, 193.8, 192.6, 190.2, 190.9, 190.2, 188.4, 186.6, 185.9, 186.6, 188.4, -192.3, -191.4, -188.5, -185.3, -183.7, -184.6, -187.6, -190.8, -199.0, -195.4, -191.0, -186.8, -184.0, -182.5, -182.0, -182.9, -184.5, -187.2, -191.0, -195.2, -189.8, -188.4, -187.2, -186.8, -187.4, -188.8, -190.0, -190.4, -151.8, -150.2, -146.6, -143.1, -141.7, -143.3, -147.0, -150.8, -156.3, -153.3, -149.4, -144.9, -141.5, -139.5, -138.9, -140.0, -142.1, -144.9, -148.8, -153.2, -148.6, -147.3, -145.9, -145.2, -145.8, -147.1, -148.5, -149.1, -136.0, -140.4, -142.9, -142.0, -138.1, -133.4, -131.1, -132.1, -133.2, -135.3, -136.9, -138.4, -138.7, -137.8, -136.0, -133.5, -131.7, -130.5, -130.3, -131.2, -135.0, -134.6, -135.6, -137.6, -139.2, -139.6, -138.6, -136.7, -157.5, -161.8, -163.8, -162.3, -158.2, -153.9, -151.9, -153.1, -155.8, -157.8, -159.2, -159.9, -159.7, -159.2, -157.7, -154.9, -153.1, -152.3, -152.5, -153.6, -156.3, -155.7, -156.4, -158.1, -159.7, -160.3, -159.5, -157.9, 713.0, 713.7, 715.7, 717.7, 718.7, 718.4, 716.1, 714.0, 714.0, 712.7, 712.4, 713.6, 716.5, 719.8, 722.7, 720.3, 717.1, 714.8, 713.6, 713.5, 715.8, 716.6, 717.5, 717.8, 717.3, 716.5, 715.7, 715.4, 802.8, 803.2, 804.6, 806.1, 806.9, 806.5, 805.1, 803.7, 803.1, 802.1, 801.7, 802.7, 805.7, 809.3, 813.1, 809.9, 806.7, 804.2, 802.7, 802.8, 805.1, 805.7, 806.2, 806.4, 806.1, 805.5, 804.9, 804.8, -171.3, -108.8, 786.3, 0.246, -0.380, -0.043, 1.62, 0.64, 0.00, 1.68, 0.00, 0.00, 0.52, 0.90, 0.00, 1.27, 1.89, 2.18, 0.00, 0.00, 0.00, 0.56, 0.60, 1.0, 1.0, 0.0, 1.0, 0.0, 0.0, 1.0, 0.0, 0.0, 1.0, 1.0, 1.0, 0.0, 0.0, 0.0, 1.0, 1.0, 1.0
119, 0, 4.922, 0.93, 1, 0.415894, 0.250747, -0.874162, 0.272846, 0.347126, -0.897250, 0.371, 0.326, 403.2, 405.1, 409.9, 414.7, 416.6, 414.9, 409.9, 405.1, 393.8, 398.5, 404.4, 410.4, 415.3, 418.4, 420.3, 418.0, 414.3, 409.6, 404.0, 398.4, 407.5, 409.5, 411.4, 412.2, 411.4, 409.5, 407.5, 406.7, 474.7, 476.5, 480.7, 484.8, 486.5, 484.7, 480.4, 475.9, 469.9, 472.9, 477.0, 482.1, 486.5, 489.3, 490.8, 489.0, 486.1, 482.5, 477.9, 473.2, 478.6, 480.2, 481.9, 482.6, 481.9, 480.3, 478.7, 478.0, 191.9, 186.6, 184.4, 186.6, 192.0, 197.8, 199.6, 197.3, 193.5, 191.6, 190.4, 190.0, 191.1, 193.2, 195.8, 197.5, 198.0, 198.1, 197.5, 196.0, 194.2, 195.2, 194.3, 192.1, 189.9, 189.0, 189.8, 192.0, 188.3, 183.7, 181.8, 183.8, 188.4, 193.0, 194.9, 193.3, 190.3, 187.9, 186.3, 185.7, 186.5, 187.9, 190.3, 192.6, 193.9, 194.4, 193.8, 192.7, 190.2, 190.9, 190.2, 188.4, 186.6, 185.8, 186.6, 188.3, -186.4, -185.1, -181.8, -178.4, -177.0, -178.3, -181.7, -185.0, -194.3, -190.1, -185.4, -180.8, -177.6, -175.9, -175.1, -176.2, -178.4, -181.6, -185.7, -190.2, -183.6, -182.2, -180.9, -180.3, -180.9, -182.3, -183.6, -184.2, -151.6, -150.0, -146.4, -142.9, -141.5, -143.1, -146.7, -150.6, -156.1, -153.1, -149.3, -144.8, -141.3, -139.3, -138.6, -139.7, -141.8, -144.7, -148.6, -152.9, -148.4, -147.0, -145.6, -145.0, -145.6, -146.9, -148.3, -149.0, -132.3, -136.7, -138.8, -137.3, -133.1, -128.4, -126.6, -128.1, -131.4, -132.6, -133.4, -133.9, -133.5, -132.4, -130.8, -129.0, -128.0, -127.6, -127.9, -129.1, -130.9, -130.3, -131.2, -133.0, -134.7, -135.3, -134.4, -132.6, -157.5, -161.8, -163.8, -162.3, -158.1, -153.8, -151.8, -153.1, -155.7, -157.7, -159.1, -159.9, -159.7, -159.1, -157.6, -154.8, -153.0, -152.1, -152.4, -153.4, -156.2, -155.6, -156.4, -158.1, -159.7, -160.3, -159.5, -157.8, 688.7, 689.5, 691.3, 692.9, 693.4, 693.0, 690.9, 689.3, 690.5, 689.0, 688.3, 689.1, 691.5, 694.6, 697.4, 694.7, 691.6, 689.4, 688.5, 689.0, 691.1, 691.7, 692.4, 692.8, 692.6, 691.9, 691.2, 690.9, 802.4, 802.9, 804.3, 805.8, 806.5, 806.0, 804.6, 803.3, 802.8, 801.8, 801.4, 802.4, 805.3, 808.8, 812.5, 809.4, 806.2, 803.7, 802.3, 802.4, 804.7, 805.3, 805.8, 806.0, 805.7, 805.1, 804.6, 804.4, -168.6, -106.8, 774.3, 0.259, -0.365, -0.043, 1.52, 0.57, 0.00, 1.55, 0.00, 0.00, 0.51, 1.11, 0.00, 0.99, 1.34, 1.48, 0.00, 0.00, 0.03, 0.57, 0.61, 1.0, 1.0, 0.0, 1.0, 0.0, 0.0, 0.0, 0.0, 0.0, 1.0, 1.0, 1.0, 0.0, 0.0, 0.0, 1.0, 1.0, 1.0
120, 0, 4.963, 0.98, 1, 0.323931, 0.245560, -0.913657, 0.282615, 0.345965, -0.894671, 0.324, 0.316, 402.9, 404.3, 408.9, 414.0, 416.6, 415.7, 410.6, 405.5, 397.0, 399.9, 404.2, 409.7, 415.2, 419.9, 423.5, 420.7, 416.1, 411.2, 405.9, 401.0, 408.0, 410.2, 412.1, 412.7, 411.6, 409.5, 407.5, 406.9, 474.6, 476.5, 480.6, 484.7, 486.2, 484.3, 480.1, 475.7, 469.8, 472.6, 476.4, 481.5, 486.0, 489.1, 490.8, 488.7, 485.5, 481.7, 477.3, 472.8, 478.5, 480.1, 481.7, 482.5, 481.9, 480.3, 478.6, 477.9, 193.7, 188.5, 185.8, 187.2, 192.0, 197.6, 199.9, 198.5, 198.0, 195.2, 192.8, 191.0, 191.0, 192.3, 194.3, 197.3, 199.1, 200.6, 201.0, 200.4, 195.3, 195.9, 194.8, 192.6, 190.6, 190.0, 191.1, 193.3, 188.9, 184.6, 182.9, 184.7, 189.2, 193.5, 195.2, 193.6, 190.8, 188.4, 186.8, 186.2, 187.0, 188.4, 190.7, 193.1, 194.5, 194.9, 194.4, 193.1, 190.7, 191.4, 190.7, 189.0, 187.3, 186.5, 187.2, 188.9, -192.7, -191.6, -187.8, -183.6, -181.3, -182.1, -186.1, -190.4, -198.7, -195.5, -191.3, -186.5, -182.2, -178.9, -176.5, -178.3, -181.6, -185.5, -190.0, -194.6, -188.6, -186.8, -185.2, -184.8, -185.7, -187.5, -189.1, -189.5, -157.9, -156.1, -152.3, -148.6, -147.3, -149.1, -153.0, -157.0, -162.7, -159.8, -155.9, -151.2, -147.3, -144.9, -143.9, -145.4, -148.0, -151.3, -155.4, -159.7, -154.6, -153.1, -151.6, -150.9, -151.4, -152.8, -154.4, -155.1, -135.1, -139.4, -141.6, -140.3, -136.4, -131.8, -129.9, -131.2, -132.4, -134.2, -135.7, -136.9, -137.0, -136.3, -135.1, -132.3, -130.5, -129.3, -129.0, -130.0, -133.9, -133.3, -134.2, -136.1, -137.7, -138.3, -137.4, -135.5, -163.3, -167.5, -169.3, -167.7, -163.7, -159.5, -157.7, -159.0, -161.8, -163.8, -165.1, -165.7, -165.4, -164.8, -163.3, -160.4, -158.6, -157.8, -158.1, -159.4, -162.0, -161.4, -162.1, -163.8, -165.4, -166.0, -165.2, -163.6, 711.0, 711.2, 711.2, 710.8, 710.3, 710.2, 710.1, 710.5, 715.4, 712.4, 709.9, 708.6, 709.2, 711.1, 713.1, 711.4, 709.6, 709.3, 710.3, 712.5, 711.4, 711.2, 711.2, 711.3, 711.5, 711.6, 711.7, 711.6, 835.3, 835.3, 836.1, 837.3, 838.2, 838.1, 837.3, 836.3, 836.5, 834.9, 833.9, 834.3, 836.8, 840.2, 843.9, 841.2, 838.4, 836.3, 835.4, 835.9, 837.2, 837.7, 838.0, 838.1, 837.7, 837.3, 836.9, 836.9, -169.0, -106.4, 776.6, 0.283, -0.371, -0.025, 1.19, 0.24, 0.00, 1.38, 0.00, 0.00, 0.27, 1.05, 0.00, 0.58, 1.29, 1.55, 0.00, 0.00, 0.31, 0.82, 0.58, 1.0, 1.0, 0.0, 1.0, 0.0, 0.0, 0.0, 0.0, 0.0, 1.0, 1.0, 1.0, 0.0, 0.0, 0.0, 1.0, 1.0, 1.0
